chrom	start	end	size	num_data	min	max	mean	median	sum	name	norm_sum	percentile
chr15	67493013	67547537	54524	48199	0.04	12.64	2.71	2.32	130434	AAGAB	2.18288913746809	0.242990654205607
chr15	80987652	81047963	60311	54613	0.04	14.36	2.81	2.48	153681	ABHD17C	2.5403917679147	0.428738317757009
chr15	89631381	89745592	114211	100886	0.04	12.64	2.45	2	246793.2	ABHD2	1.81513635962461	0.105140186915888
chr15	89346674	89418586	71912	71161	0.08	21.4	6.88	6.36	489470	ACAN	7.64713234489978	0.875
chr15	78463187	78527050	63863	58288	0.04	16.32	4.2	3.84	244924	ACSBG1	4.10339886959004	0.621495327102804
chr15	35080297	35087928	7631	7606	0.56	27.28	11.3	10.16	85964.08	ACTC1	11.7069426664851	0.970794392523365
chr15	83394650	83408533	13883	11975	0.04	13	2.57	2	30803	ACTG1P17	2.55966428452717	0.435747663551402
chr15	43622554	43646754	24200	20400	0.04	7.56	2.34	2	47774.92	ADAL	1.76235030602789	0.0957943925233645
chr15	58887403	59042178	154775	137278	0.04	11.56	2.55	2	350051	ADAM10	2.16992984833036	0.23714953271028
chr15	100511643	100882211	370568	353443	0.04	28.04	4.83	4.16	1707247.24	ADAMTS17	5.57611963502772	0.751168224299065
chr15	79051545	79103806	52261	49961	0.08	30.4	4.87	3.88	243325	ADAMTS7	6.03667280278259	0.787383177570093
chr15	82882946	82924243	41297	36954	0.04	11.12	2.97	2.72	109851.4	ADAMTS7P1	5.67004232476515	0.758177570093458
chr15	84322838	84708594	385756	360131	0.04	21.16	4.31	3.76	1553438.44	ADAMTSL3	4.20058256155105	0.635514018691589
chr15	73043708	73076127	32419	28677	0.04	9.12	2.71	2.44	77812	ADPGK	2.53934728605872	0.427570093457944
chr15	73075176	73090541	15365	14890	0.12	23.96	5.07	4	75551	ADPGK-AS1	5.04733947601894	0.700934579439252
chr15	89164527	89175513	10986	9688	0.08	9.88	3.04	2.76	29480.52	AEN	2.63124955373081	0.452102803738318
chr15	86623039	87572284	949245	864695	0.04	390.04	3.56	3	3077202.96	AGBL1	4.09267568696557	0.619158878504673
chr15	86840065	86860200	20135	19360	0.08	14	3.51	3	67885.4	AGBL1-AS1	4.44334336955099	0.648364485981308
chr15	85923847	86292590	368743	334315	0.04	23.36	2.94	2.64	982309.6	AKAP13	2.37938388051603	0.356308411214953
chr15	58245622	58358122	112500	110500	0.04	34.68	7.06	6.52	780130.32	ALDH1A2	8.12238768301992	0.893691588785047
chr15	101419897	101456831	36934	36459	0.08	29.92	8.91	8.4	324799.92	ALDH1A3	8.85843733635888	0.919392523364486
chr15	85359911	85416714	56803	56178	0.08	30.88	7.85	7.36	441101.72	ALPK3	8.52424501494974	0.907710280373832
chr15	65204101	65251042	46941	41074	0.04	10.24	2.74	2.12	112534.76	ANKDD1A	2.51564268788841	0.41588785046729
chr15	79575146	79590582	15436	15436	1	18.68	8.96	8.84	138312.04	ANKRD34C	10.1031439006574	0.952102803738318
chr15	79484049	79576288	92239	89114	0.08	28.88	8.36	7.92	744727.96	ANKRD34C-AS1	8.56866015440728	0.910046728971963
chr15	40570573	40574788	4215	4215	1.92	26.32	11.74	11.48	49480.2	ANKRD63	13.5553278688525	0.982476635514019
chr15	69070875	69113262	42387	38550	0.04	10	2.66	2.08	102490	ANP32A	2.26122448979592	0.293224299065421
chr15	69096160	69099441	3281	2431	0.04	4.72	1.89	2	4604	ANP32A-IT1	1.12686260304282	0.0455607476635514
chr15	35529527	35530265	738	663	0.32	4.36	2.89	3.4	1916.8	ANP32AP1	3.45369369369369	0.581775700934579
chr15	90328126	90358073	29947	28097	0.04	28.12	4.84	4.2	135863.88	ANPEP	5.82649663697322	0.767523364485981
chr15	60639350	60690186	50836	42425	0.04	9.76	2.72	2.24	115325	ANXA2	2.14869950812342	0.226635514018692
chr15	83328033	83378661	50628	48478	0.08	19.72	5.46	4.8	264586.48	AP3B2	7.23210277436108	0.841121495327103
chr15	90373831	90437618	63787	51819	0.04	9	2.42	2	125632	AP3S2	2.32294977937598	0.332943925233645
chr15	51200869	51298098	97229	80100	0.04	9	2.46	2	197395	AP4E1	2.13574831202364	0.213785046728972
chr15	29213840	29410517	196677	193027	0.04	21.64	5.38	5	1037559.12	APBA2	6.31372156705247	0.803738317757009
chr15	63569749	63601326	31577	30476	0.04	11	2.92	2.76	88881.24	APH1B	2.50910809339804	0.413551401869159
chr15	58430368	58478111	47743	47468	0.08	26.6	8.4	8	398746.04	AQP9	7.95344649446494	0.886682242990654
chr15	35148552	35261996	113444	95723	0.04	9.6	2.42	2	232054	AQR	2.40732403132943	0.371495327102804
chr15	32907345	32932151	24806	22401	0.04	7.6	2.51	2.16	56279.76	ARHGAP11A	2.19825638621983	0.248831775700935
chr15	30918879	30931014	12135	10685	0.04	8.08	2.57	2	27481.68	ARHGAP11B	2.09208891595615	0.192757009345794
chr15	74833518	74890473	56955	51180	0.04	9.2	2.76	2.32	141098.92	ARID3B	2.41086102057261	0.373831775700935
chr15	72766667	72878897	112230	97400	0.04	15	2.49	2	242165	ARIH1	2.30709357559729	0.322429906542056
chr15	80696692	80890278	193586	192236	0.04	31.52	7.97	7.48	1533047.44	ARNT2	8.25150675493837	0.901869158878505
chr15	90439764	90456223	16459	15584	0.04	15.28	5.16	4.96	80337.44	ARPIN	5.16830929012933	0.713785046728972
chr15	52839242	52861644	22402	20052	0.04	9.6	2.73	2.2	54786.4	ARPP19	2.11604032289212	0.200934579439252
chr15	98503933	98517069	13136	12461	0.04	14	3.82	3.2	47647.36	ARRDC4	4.00970798619877	0.61214953271028
chr15	101142755	101191905	49150	43600	0.04	13	2.57	2.08	111850	ASB7	2.253858864305	0.289719626168224
chr15	93338714	93340339	1625	1625	1	7	4.02	4	6530.04	ASB9P1	2.65271932532783	0.455607476635514
chr15	25923860	26108350	184490	174015	0.04	23.4	3.5	3	609649	ATP10A	4.12278779763716	0.623831775700935
chr15	50150435	50411420	260985	249385	0.04	23.48	5.19	4.68	1293839	ATP8B4	5.88459036972015	0.776869158878505
chr15	34158428	34331304	172876	149526	0.04	10	2.53	2	378996	AVEN	2.56195120262909	0.436915887850467
chr15	45003685	45010358	6673	6598	0.04	12.68	3.96	3.92	26096.6	B2M	3.11736683167371	0.535046728971963
chr15	40731920	40760442	28522	22972	0.04	27.48	3.34	2.6	76644.24	BAHD1	2.86870129578477	0.5
chr15	72978520	73030818	52298	44348	0.04	9	2.35	2	104133.88	BBS4	1.98583857886916	0.139018691588785
chr15	80253232	80263644	10412	9737	0.04	9.16	3.03	2.88	29512.44	BCL2A1	2.05361074385916	0.167056074766355
chr15	52401466	52404973	3507	3309	0.32	9.84	3.12	2.92	10323.16	BCL2L10	2.32440781770693	0.335280373831776
chr15	91260558	91358693	98135	84560	0.04	11.72	2.53	2	214026.76	BLM	2.06443671074106	0.174065420560748
chr15	45879321	45901915	22594	18444	0.04	7.56	2.46	2	45317.32	BLOC1S6	2.19898603862137	0.251168224299065
chr15	40380091	40401086	20995	19509	0.04	8.04	2.81	2.64	54820.04	BMF	1.65886277504966	0.0759345794392523
chr15	83924655	83953469	28814	28539	0.16	25.96	8.28	7.36	236336.4	BNC1	8.13690480289206	0.894859813084112
chr15	59951345	59981734	30389	27289	0.04	9.56	2.55	2	69719.64	BNIP2	2.19880282578529	0.25
chr15	83685181	83736107	50926	43919	0.04	9.36	2.42	2	106203.68	BTBD1	2.25127037625861	0.286214953271028
chr15	40453210	40513338	60128	51628	0.04	7.96	2.67	2.28	137634.12	BUB1B	2.42668879295814	0.386682242990654
chr15	40509629	40569689	60060	55685	0.04	28.76	5.14	4	286438.96	BUB1B-PAK6	5.14413766598542	0.712616822429907
chr15	93014907	93044348	29441	26516	0.16	26.4	7.41	7	196552.44	C15orf32	7.3518773143819	0.848130841121495
chr15	90373831	90456223	82392	69392	0.04	15.28	3.04	2.48	210945.44	C15orf38-AP3S2	2.97089516083601	0.517523364485981
chr15	75494221	75504511	10290	9840	0.04	11.2	3.23	3	31797.56	C15orf39	3.26061936013126	0.551401869158878
chr15	83657715	83680394	22679	16610	0.08	9	2.32	2	38617	C15orf40	2.14134412775868	0.224299065420561
chr15	36871804	37102462	230658	201937	0.04	11	2.54	2.04	513215.72	C15orf41	2.37193566575773	0.351635514018692
chr15	45722727	45725648	2921	2921	1.24	14.68	5.76	5.56	16838	C15orf48	6.92636774989716	0.829439252336449
chr15	40623653	40633169	9516	9041	0.12	11.72	3.59	3	32471.4	C15orf52	4.30141740627898	0.643691588785047
chr15	38988799	38992240	3441	3441	0.2	7	3.03	3	10412.92	C15orf53	1.84292945382464	0.110981308411215
chr15	39542870	39547044	4174	4174	1	9.28	4.43	4.04	18477.8	C15orf54	2.93876836948915	0.509345794392523
chr15	40542866	40545111	2245	2245	5.56	28.76	14.65	13.48	32893.88	C15orf56	29.6341261261261	0.997663551401869
chr15	40823540	40857257	33717	30610	0.04	10.96	2.97	2.76	90899	C15orf57	2.22480847835132	0.266355140186916
chr15	74027772	74044712	16940	16515	0.04	20.84	6.56	6	108316.72	C15orf59	6.89541217122937	0.825934579439252
chr15	74060427	74062144	1717	1717	1	13.68	6.25	6	10732.44	C15orf59-AS1	6.17161587119034	0.792056074766355
chr15	67813522	67819642	6120	5770	0.08	8.04	2.55	2.04	14698.8	C15orf61	2.73008915304606	0.47196261682243
chr15	41062159	41064649	2490	1990	0.04	7.32	2.36	1.4	4695.72	C15orf62	2.29019294172731	0.311915887850467
chr15	55700723	55710911	10188	8711	0.04	8.8	2.41	2	20960	C15orf65	3.37635392436709	0.573598130841122
chr15	62359176	62363117	3941	3941	0.72	30.4	11.74	10.12	46260.28	C2CD4A	14.2132902369482	0.983644859813084
chr15	62455737	62457483	1746	1746	1.52	19.48	11.7	12.12	20422.56	C2CD4B	14.8311982570806	0.98481308411215
chr15	63613577	63674366	60789	60539	0.08	33.72	7.76	7	469603.56	CA12	7.64591539279127	0.873831775700935
chr15	68483043	68498449	15406	12406	0.04	6.12	2.15	2	26721.12	CALML4	1.69572633951689	0.0876168224299065
chr15	42651698	42704516	52818	46868	0.04	10.96	2.8	2.28	131196.64	CAPN3	2.50816205894791	0.412383177570093
chr15	44580909	44707960	127051	102826	0.04	12	2.27	2	233848.12	CASC4	2.22852998747782	0.271028037383178
chr15	43922760	43941044	18284	16140	0.04	12.08	3.26	3	52547.8	CATSPER2	2.61820011758727	0.449766355140187
chr15	44028146	44038497	10351	9326	0.08	9	2.88	2.72	26816.12	CATSPER2P1	3.15520884809978	0.539719626168224
chr15	74528630	74628483	99853	97728	0.04	23.8	7.81	7.52	762832.28	CCDC33	8.05355025337838	0.891355140186916
chr15	59397284	59417245	19961	17961	0.04	10	2.74	2.44	49282	CCNB2	2.53545271016959	0.426401869158879
chr15	43477466	43489376	11910	10685	0.08	8	2.68	2.24	28643	CCNDBP1	2.06763877860391	0.178738317757009
chr15	55647421	55700709	53288	44975	0.04	8.32	2.21	2	99530	CCPG1	2.08527131782946	0.190420560747664
chr15	73976622	74006860	30238	29713	0.08	23.76	6.08	5.28	180803.32	CD276	5.96454722396332	0.77803738317757
chr15	43015760	43029418	13658	12108	0.08	6	2.16	2	26154	CDAN1	1.93046944198406	0.121495327102804
chr15	72577068	72612526	35458	33133	0.08	12.4	3.75	3	124349.76	CELF6	3.67898698224852	0.594626168224299
chr15	81071684	81244004	172320	169695	0.04	29.64	7.81	7.32	1324551.16	CEMIP	7.93538800721317	0.885514018691589
chr15	49030135	49103344	73209	64834	0.04	11.24	2.68	2.16	173711.44	CEP152	2.51646298710705	0.418224299065421
chr15	100940600	101084926	144326	133126	0.04	16.8	4.36	4	580422.12	CERS3	5.08361830523319	0.706775700934579
chr15	100913144	100978120	64976	57426	0.04	13.44	3.62	3.12	208000.64	CERS3-AS1	4.6846990990991	0.668224299065421
chr15	81426644	81441517	14873	14423	0.2	22.4	7.92	7	114254.24	CFAP161	7.0987412239826	0.83411214953271
chr15	57668703	57842926	174223	172648	0.04	28.72	7.54	7.04	1302062.64	CGNL1	7.90614269233105	0.882009345794392
chr15	41245636	41248718	3082	3082	0.48	10.2	4.17	3.64	12845.24	CHAC1	5.34105613305613	0.73481308411215
chr15	93443551	93571238	127687	114025	0.04	11	2.67	2.32	304140	CHD2	2.1384426085428	0.217289719626168
chr15	20487997	20496812	8815	8290	0.24	10.92	3.8	3.64	31524.24	CHEK2P2	3.07583569128695	0.530373831775701
chr15	41523437	41574084	50647	40797	0.04	8.8	2.17	2	88632.44	CHP1	1.94112102292488	0.125
chr15	30653443	30685865	32422	31072	0.04	11.16	3.7	3.08	115044.52	CHRFAM7A	5.86662519122897	0.774532710280374
chr15	34260515	34357296	96781	86381	0.04	12	2.7	2.16	233495	CHRM5	2.77664146429056	0.483644859813084
chr15	78885395	78913638	28243	23113	0.04	31.84	4.09	2.56	94471.72	CHRNA3	4.20697007481297	0.636682242990654
chr15	78857862	78887612	29750	24150	0.04	8.44	2.36	2	56906	CHRNA5	1.944507090381	0.126168224299065
chr15	32322686	32462385	139699	130299	0.04	21.16	4.54	4	591600.28	CHRNA7	5.46856482594147	0.742990654205608
chr15	78916636	78933588	16952	16677	0.16	15.4	6.18	6	103133.48	CHRNB4	6.75841939711664	0.822429906542056
chr15	40763160	40765358	2198	1858	0.36	7.28	3.4	2.8	6323	CHST14	3.31505326734334	0.563084112149533
chr15	101715928	101792138	76210	70260	0.04	10.2	2.87	2.64	201584	CHSY1	2.22540653323471	0.267523364485981
chr15	90773477	90808992	35515	31115	0.04	21.72	4.48	3	139489.12	CIB1	3.71309165210595	0.598130841121495
chr15	78396948	78423878	26930	24280	0.04	11.28	3.01	2.84	73085	CIB2	2.33981316070868	0.337616822429907
chr15	65488337	65503841	15504	15479	0.4	15.48	6	5.64	92849.68	CILP	6.64392720778068	0.816588785046729
chr15	43984984	43991421	6437	6437	3.36	29.08	14.32	13.76	92161.04	CKMT1A	12.3573397693752	0.974299065420561
chr15	43885055	43891605	6550	6550	2	26.92	13.13	12.72	85994.6	CKMT1B	16.0857837635615	0.990654205607477
chr15	74900713	74922543	21830	19555	0.04	12.48	3.33	3	65084.36	CLK3	2.66520720720721	0.460280373831776
chr15	68499330	68522081	22751	17900	0.04	8	2.21	2	39590	CLN6	1.95496518690435	0.128504672897196
chr15	65440558	65477759	37201	28642	0.04	8.88	2.21	2	63303.6	CLPX	2.04160377723596	0.158878504672897
chr15	75628337	75634269	5932	5332	0.04	5.92	2.33	2	12445.92	COMMD4	3.04599118942731	0.524532710280374
chr15	49417471	49447855	30384	27734	0.08	10.48	2.73	2.32	75604.6	COPS2	2.29188189644719	0.313084112149533
chr15	68810712	69020145	209433	206583	0.04	49.6	7.61	7	1571546.84	CORO2B	9.11464354483239	0.929906542056075
chr15	75212617	75230496	17879	14558	0.04	7.96	2	1.88	29154.16	COX5A	1.76978046926788	0.0981308411214953
chr15	83211951	83316768	104817	102867	0.04	25.68	6.96	6.24	716136.76	CPEB1	8.21872648756937	0.897196261682243
chr15	83316521	83361573	45052	43852	0.08	21.88	6.01	5.4	263420.68	CPEB1-AS1	7.454950615537	0.860981308411215
chr15	75118951	75124137	5186	5149	0.52	21.8	10.41	9.88	53600.6	CPLX3	13.1696805896806	0.978971962616822
chr15	78632666	78640573	7907	7907	1	29.96	11.06	10.68	87469.8	CRABP1	12.1858177765394	0.973130841121495
chr15	92006569	92038081	31512	31062	0.16	17	5.51	5	171150.24	CRAT37	5.62254402102497	0.753504672897196
chr15	91073118	91188578	115460	99178	0.04	9	2.44	2	242350.96	CRTC3	1.85290691540196	0.115654205607477
chr15	91163241	91260372	97131	83706	0.04	11.6	2.69	2.04	224877.04	CRTC3-AS1	2.21488269477002	0.261682242990654
chr15	75074425	75095540	21115	17740	0.04	11	3.01	2.64	53366	CSK	2.00322822822823	0.146028037383178
chr15	37091301	37110708	19407	18082	0.04	7.44	2.79	2.68	50397.56	CSNK1A1P1	2.64450284087928	0.453271028037383
chr15	64457716	64648459	190743	158018	0.04	11.92	2.42	2	383002.68	CSNK1G1	2.26082994899887	0.292056074766355
chr15	75966663	76005190	38527	36877	0.04	16	3.93	3.6	144838.76	CSPG4	4.55052813471991	0.655373831775701
chr15	71402583	71407840	5257	5257	1.04	14.04	6.34	6.04	33319.8	CT62	4.56535679052943	0.657710280373832
chr15	44719579	44819430	99851	79976	0.04	10	2.36	2	189053.8	CTDSPL2	2.2757276644919	0.301401869158879
chr15	79214092	79237441	23349	20399	0.04	9	2.37	2	48437	CTSH	1.7001404001404	0.088785046728972
chr15	48483867	48495952	12085	12085	0.32	17	6.59	6.12	79641.84	CTXN2	7.14340658355009	0.838785046728972
chr15	22014420	22016879	2459	2455	0.28	12.84	4.46	3.56	10949	CXADRP2	5.38034398034398	0.73714953271028
chr15	22892170	23003604	111434	88559	0.04	11.12	2.24	2	198513.6	CYFIP1	1.96792531238798	0.133177570093458
chr15	74630103	74660082	29979	29804	0.16	32.96	6.51	5.84	194144	CYP11A1	9.28534806663657	0.936915887850467
chr15	51500254	51630796	130542	128967	0.12	36.44	9.29	8.64	1198378.32	CYP19A1	9.4181034564059	0.939252336448598
chr15	75011883	75017952	6069	6069	1.92	21.44	8.38	7.28	50840.28	CYP1A1	7.4078799358881	0.852803738317757
chr15	75041184	75048942	7758	7608	0.08	20	5.53	5	42073.8	CYP1A2	5.88197958898364	0.775700934579439
chr15	64199235	64338522	139287	127022	0.04	10.52	3.23	3	410216.8	DAPK2	2.59387915117485	0.446261682242991
chr15	51236326	51238763	2437	2262	0.08	5	2.61	2.72	5897.28	DCAF13P3	2.77258110014104	0.482476635514019
chr15	102516761	102519297	2536	2536	1	9.76	4.46	4.28	11302.12	DDX11L9	3.36464746299582	0.56892523364486
chr15	65951461	66084632	133171	116739	0.04	10	2.49	2	291171.32	DENND4A	1.98694953278885	0.14018691588785
chr15	89045155	89089935	44780	38610	0.04	9.84	2.62	2.08	101241	DET1	2.38208512740877	0.357476635514019
chr15	66585595	66626237	40642	35142	0.04	11	2.52	2	88657	DIS3L	2.14023271533411	0.223130841121495
chr15	40650436	40663258	12822	12797	0.16	20.68	8.35	7.16	106828.24	DISP2	7.99732295253781	0.889018691588785
chr15	30488239	30506744	18505	17705	0.16	13.52	4.54	4	80330.68	DKFZP434L187	6.41875189772273	0.807242990654206
chr15	41221531	41231259	9728	9353	0.12	48.16	6.97	4.4	65165.68	DLL4	7.42798130628063	0.855140186915888
chr15	51739921	51914968	175047	150522	0.04	14.76	2.62	2.08	394530	DMXL2	2.42012181028277	0.384345794392523
chr15	78556487	78574539	18052	16977	0.12	12.56	4.03	3.68	68462.24	DNAJA4	3.2363793823946	0.549065420560748
chr15	41060067	41099677	39610	30960	0.04	9.92	2.2	2	68217	DNAJC17	1.95197059840173	0.127336448598131
chr15	76020011	76032419	12408	11944	0.04	24.88	4.96	4.04	59293.4	DNM1P35	4.79409767141009	0.676401869158878
chr15	85045806	85050250	4444	3644	0.04	4.64	1.55	1	5652.12	DNM1P41	3.26334872979215	0.553738317757009
chr15	100330361	100347133	16772	15189	0.04	6.92	2.42	2	36806.48	DNM1P46	3.61734447174447	0.589953271028037
chr15	35663170	35838405	175235	154585	0.04	11.36	2.5	2	385897	DPH6	2.50587349104203	0.411214953271028
chr15	35838396	36151203	312807	300707	0.04	16.4	4.02	3.72	1208779.92	DPH6-AS1	4.46378623101438	0.65303738317757
chr15	65734801	65810052	75251	60326	0.04	9	2.24	2	135346.16	DPP8	2.25216586794462	0.288551401869159
chr15	69854059	69863780	9721	9471	0.12	35.12	7.26	6.16	68719.32	DRAIC	9.86246943063481	0.948598130841122
chr15	49913226	49937334	24108	21233	0.04	10	2.47	2	52431	DTWD1	2.33269681837434	0.336448598130841
chr15	45422192	45457777	35585	31835	0.04	36.84	5.62	3.96	178827.2	DUOX1	5.30514794008824	0.731308411214953
chr15	45384852	45406360	21508	21183	0.2	41.96	8.81	7.12	186567.52	DUOX2	11.4600340052482	0.968457943925234
chr15	45409564	45422076	12512	12512	0.6	32.36	11.83	11	147993.4	DUOXA1	11.2057806234326	0.966121495327103
chr15	45406523	45410302	3779	3779	9.64	30.24	19.06	18.88	72015.96	DUOXA2	16.3680076367108	0.991822429906542
chr15	48623621	48635571	11950	10500	0.04	9.04	2.54	2	26700.44	DUT	1.99346274451247	0.143691588785047
chr15	55709954	55800433	90479	74879	0.04	13.4	2.98	2.52	222910.2	DYX1C1	3.64321647462613	0.592289719626168
chr15	55647421	55790783	143362	120650	0.04	13.4	2.62	2	315610	DYX1C1-CCPG1	2.9517635760923	0.51285046728972
chr15	74922899	74988387	65488	54538	0.04	11	2.41	2	131259	EDC3	1.97381954887218	0.135514018691589
chr15	82422561	82555105	132544	121364	0.04	11	2.98	2.8	361663	EFL1	2.84868224137116	0.495327102803738
chr15	84748939	84795354	46415	45490	0.08	19.08	5.29	5	240651.48	EFTUD1P1	5.28910861320491	0.727803738317757
chr15	42191639	42264756	73117	62236	0.04	10	2.59	2	161332.08	EHD4	2.01692832764505	0.150700934579439
chr15	42213615	42221485	7870	7170	0.08	9	2.69	2	19285.6	EHD4-AS1	1.84427656115521	0.113317757009346
chr15	49170290	49172381	2091	1831	0.04	10.56	3.94	3	7207	EID1	3.53277386717907	0.586448598130841
chr15	40226325	40327798	101473	89273	0.04	12.72	2.58	2	230617	EIF2AK4	2.20178344678779	0.252336448598131
chr15	44829266	44855002	25736	22311	0.04	25	2.71	2	60378.52	EIF3J	2.28110317730175	0.308411214953271
chr15	44826703	44829122	2419	2297	0.28	8	3.02	3	6948.28	EIF3J-AS1	2.8918392488513	0.505841121495327
chr15	44064798	44069503	4705	4105	0.08	5	1.93	2	7934.52	ELL3	1.70217531213798	0.0899532710280374
chr15	34517198	34522367	5169	4269	0.04	6	2.2	2	9388.8	EMC4	2.12512449071978	0.20911214953271
chr15	34376224	34394054	17830	14405	0.04	7.48	2.2	2	31702.6	EMC7	1.78505630630631	0.0992990654205607
chr15	43489426	43513324	23898	22148	0.08	17.92	5.29	4.92	117260.48	EPB42	5.83356449927864	0.768691588785047
chr15	76508629	76603811	95182	81332	0.04	9	2.45	2	199634.36	ETFA	2.18576170976854	0.244158878504673
chr15	69373190	69388164	14974	14974	0.6	20.68	8.58	8.4	128427.4	EWSAT1	9.03273315515544	0.924065420560748
chr15	41474931	41522956	48025	44475	0.04	21.24	4.23	3.4	188322.56	EXD1	5.26420045731281	0.720794392523365
chr15	80445233	80478925	33692	29017	0.04	25.52	2.81	2.08	81414.36	FAH	2.1336118245191	0.212616822429907
chr15	83654955	83659810	4855	4270	0.16	10.6	2.58	2	11029.8	FAM103A1	2.38533737024221	0.358644859813084
chr15	102495088	102496559	1471	1471	4.48	24.92	13.3	14.16	19561.44	FAM138E	12.4357533375715	0.976635514018692
chr15	98980391	99057612	77221	72271	0.04	14.64	4.04	3.44	292122.68	FAM169B	5.00235765535901	0.697429906542056
chr15	93160679	93199032	38353	33978	0.04	12.36	3.24	3	110089.84	FAM174B	2.5276631308261	0.422897196261682
chr15	29412455	29862928	450473	420798	0.04	89.56	3.66	3	1541273.4	FAM189A1	3.97872213000705	0.610981308411215
chr15	52873518	52970832	97314	86864	0.04	9	2.54	2	220483.32	FAM214A	2.14309075533869	0.225467289719626
chr15	75192328	75199236	6908	6333	0.08	11	2.99	2.64	18956.52	FAM219B	1.830062557924	0.106308411214953
chr15	49620592	49913119	292527	263633	0.04	21.48	3.64	3	959077	FAM227B	4.13124590785347	0.626168224299065
chr15	59063391	59154099	90708	77208	0.04	9.52	2.35	2	181223	FAM63B	2.11665789899077	0.202102803738318
chr15	59730372	59815752	85380	72453	0.04	14.68	2.89	2.48	209264	FAM81A	2.36442925084074	0.34696261682243
chr15	64364758	64386208	21450	17450	0.04	7	2.34	2	40823.08	FAM96A	1.80115703033587	0.102803738317757
chr15	38746328	38779912	33584	30584	0.04	22.36	2.76	2	84524.2	FAM98B	2.46053213786679	0.398364485981308
chr15	31196076	31235311	39235	34785	0.04	12.96	2.55	2	88577.52	FAN1	1.9767761355511	0.13785046728972
chr15	89787194	89860363	73169	64894	0.04	10.6	2.46	2	159486.92	FANCI	2.30505737823385	0.320093457943925
chr15	48700503	48937986	237483	218811	0.04	18.64	2.78	2.44	607595	FBN1	2.4159035195662	0.377336448598131
chr15	63889552	63894621	5069	4494	0.12	6.44	2.72	2.64	12202.52	FBXL22	1.99884025684707	0.144859813084112
chr15	76196200	76227609	31409	27884	0.04	9.36	2.67	2.16	74322	FBXO22	2.13783978138933	0.216121495327103
chr15	76225024	76225472	448	448	1	3.4	2.3	2.08	1032.32	FBXO22-AS1	1.31841634738186	0.0537383177570093
chr15	68570141	68588204	18063	16638	0.04	11.36	3.26	3	54285	FEM1B	2.70316701523753	0.464953271028037
chr15	91427665	91439007	11342	10092	0.04	8.24	2.62	2.32	26476.56	FES	2.98221253052434	0.518691588785047
chr15	49715375	49779524	64149	62299	0.04	19.6	4.71	4	293568.16	FGF7	5.43473647185145	0.741822429906542
chr15	50641135	50647077	5942	5792	0.04	7	2.65	2.68	15337.4	FLJ10038	2.41641931194424	0.378504672897196
chr15	33057745	33486935	429190	422565	0.04	30.8	7.71	7.08	3259262.2	FMN1	8.0617935367377	0.892523364485981
chr15	60296421	60298143	1722	1722	9.52	31.72	18.51	18.36	31879.2	FOXB1	29.1155518211376	0.996495327102804
chr15	44162959	44487493	324534	306509	0.04	39.68	4.83	4	1480732.12	FRMD5	5.30549606942464	0.732476635514019
chr15	83424117	83474823	50706	45981	0.04	22.8	4.55	3.76	209277.6	FSD2	4.93684036705905	0.688084112149533
chr15	39892232	40075040	182808	177758	0.04	22.88	5.41	5	962285.64	FSIP1	5.67234896401309	0.760514018691589
chr15	91411822	91426689	14867	12917	0.08	8.64	2.47	2	31968	FURIN	2.23802856342761	0.27803738317757
chr15	90889763	90892680	2917	2642	0.08	12.2	4.71	4.84	12432	GABARAPL3	5.42408376963351	0.740654205607477
chr15	50569389	50647627	78238	67588	0.04	10	2.35	2	158557.88	GABPB1	2.20238242737569	0.254672897196262
chr15	50646371	50650504	4133	3858	0.24	8.28	3.02	2.92	11662	GABPB1-AS1	1.69308943089431	0.0864485981308411
chr15	27111866	27194358	82492	72192	0.04	10.84	2.41	2	173653.96	GABRA5	2.59018778992587	0.44392523364486
chr15	26788694	27018936	230242	199356	0.04	9	2.33	2	465037.36	GABRB3	2.54682417371779	0.432242990654206
chr15	27216429	27778374	561945	481595	0.04	13	2.32	2	1116229.12	GABRG3	2.57708691958184	0.441588785046729
chr15	27402882	27406467	3585	3035	0.04	5.64	1.96	1.84	5952.52	GABRG3-AS1	2.22026109660574	0.264018691588785
chr15	49447956	49622003	174047	150022	0.04	25	2.54	2	381329.28	GALK2	2.45093858662467	0.396028037383178
chr15	42566366	42645865	79499	66774	0.04	10.36	2.38	2	158773.48	GANC	2.13603544796701	0.214953271028037
chr15	45653322	45694516	41194	37269	0.04	10	2.82	2.36	105129	GATM	2.15892802135743	0.228971962616822
chr15	41056285	41059912	3627	3452	0.04	6.64	2.41	2	8311.4	GCHFR	1.50350940665702	0.0654205607476635
chr15	59903982	59912211	8229	8129	0.36	14.68	5.85	5.48	47559	GCNT3	4.86039856923863	0.682242990654206
chr15	57884102	58009756	125654	121854	0.04	21.4	7.09	6.64	863773	GCOM1	8.03188492045043	0.89018691588785
chr15	90777487	90785313	7826	5688	0.08	6.8	2.08	2	11852.8	GDPGP1	1.30782301666115	0.0525700934579439
chr15	35044642	35046783	2141	2141	5.04	22.6	12.15	11.4	26007.68	GJD2	11.4911455940052	0.969626168224299
chr15	69452936	69564545	111609	107959	0.04	27.12	4.2	3.88	453132.4	GLCE	4.70350814476012	0.670560747663551
chr15	51633713	51700210	66497	66122	0.32	35.4	10.7	10.16	707813.24	GLDN	9.21931930967112	0.933411214953271
chr15	52413123	52483566	70443	60043	0.04	15.8	2.84	2.36	170244	GNB5	2.43766237336596	0.392523364485981
chr15	83140199	83182978	42779	36004	0.04	16.96	3.38	2.96	121817	GOLGA2P10	3.95258212306454	0.606308411214953
chr15	62534728	62540995	6267	6092	0.16	13.68	4.83	4.44	29445.24	GOLGA2P11	5.5017264573991	0.746495327102804
chr15	84867600	84898921	31321	28671	0.04	16.88	3.84	3	110229.04	GOLGA2P7	4.72883054483054	0.672897196261682
chr15	74362198	74374892	12694	12694	0.04	17.92	8.5	8	107956.56	GOLGA6A	8.2253369173661	0.898364485981308
chr15	72947038	72959739	12701	12676	0.48	16.8	7.88	8	99840.24	GOLGA6B	10.3803024253918	0.957943925233645
chr15	75550899	75565797	14898	14898	1	22.72	8.23	7.96	122550.32	GOLGA6C	9.72698785617906	0.94392523364486
chr15	75575182	75588149	12967	12967	0.44	23.84	8.32	7.76	107894.64	GOLGA6D	11.0088033989201	0.963785046728972
chr15	22736246	22746003	9757	9507	0.04	13.68	4.91	4.32	46652.24	GOLGA6L1	5.56377340488968	0.75
chr15	82632350	83018199	385849	271174	0.04	19.44	3.01	2.2	815542	GOLGA6L10	4.59680410337345	0.662383177570093
chr15	82804003	83195273	391270	279897	0.04	19.44	3.04	2.32	851808	GOLGA6L17P	4.56657606510446	0.658878504672897
chr15	23684533	23692391	7858	7416	0.36	8.32	3.2	3	23735	GOLGA6L2	4.45453317017874	0.650700934579439
chr15	23403866	23579358	175492	117792	0.04	15.6	4.28	4	503941	GOLGA6L22	6.28857192772287	0.802570093457944
chr15	85783641	85790419	6778	4269	0.04	6	1.6	1	6840.68	GOLGA6L3	3.69766486486487	0.59696261682243
chr15	20737094	20747115	10021	9646	0.04	11.36	3.79	3.32	36541.08	GOLGA6L6	5.98543488943489	0.781542056074766
chr15	29090107	29093822	3715	3690	0.16	10.64	3.79	3	13976	GOLGA6L7P	6.99149574787394	0.831775700934579
chr15	82804769	83108112	303343	206693	0.04	19.44	2.95	2.08	608960.28	GOLGA6L9	4.46026719402329	0.651869158878505
chr15	34671270	34729668	58398	50880	0.04	10.16	2.48	2	126008	GOLGA8A	2.18048417518905	0.241822429906542
chr15	34817484	34875772	58288	52863	0.04	8.68	2.59	2	137037	GOLGA8B	2.27898333565051	0.307242990654206
chr15	20767674	20781027	13353	11703	0.04	13.36	3.22	3	37671.44	GOLGA8CP	5.26578697232318	0.72196261682243
chr15	22702285	22715729	13444	12444	0.04	8.84	3.03	2.88	37667	GOLGA8DP	7.44430653933721	0.858644859813084
chr15	23435070	23448424	13354	12079	0.04	11.4	3.52	3.12	42475.48	GOLGA8EP	7.4596909027046	0.86214953271028
chr15	28623784	28636413	12629	11779	0.2	14.96	3.38	3	39841.4	GOLGA8F	6.24175941244297	0.801401869158878
chr15	28623784	28637172	13388	12538	0.2	14.96	3.51	3	44001	GOLGA8G	6.18450199023995	0.794392523364486
chr15	30896233	30910030	13797	9280	0.04	7	1.74	1	16175	GOLGA8H	4.27683765203596	0.64018691588785
chr15	32681786	32695494	13708	8714	0.04	4.24	1.54	1	13445	GOLGA8K	5.41482078131293	0.739485981308411
chr15	28943841	28957568	13727	9977	0.04	6.84	2.02	2	20146	GOLGA8M	5.11060375443937	0.710280373831776
chr15	32734115	32747836	13721	9021	0.04	7	2.01	1.92	18111.32	GOLGA8O	4.96744925946242	0.692757009345794
chr15	23599895	23613472	13577	10977	0.04	8.56	2.53	2	27785.48	GOLGA8S	5.00639279279279	0.698598130841122
chr15	30427990	30439396	11406	7406	0.04	7.6	1.99	1.76	14761.44	GOLGA8T	5.69939768339768	0.761682242990654
chr15	40091223	40213094	121871	117471	0.04	36.8	6.77	6	795353.04	GPR176	6.900811591688	0.827102803738318
chr15	72452147	72490137	37990	36878	0.04	23.52	5.88	5.32	216660.12	GRAMD2	6.72899310516181	0.820093457943925
chr15	33010205	33026871	16666	15966	0.04	47.2	11.32	10.32	180661	GREM1	12.5560173473076	0.977803738317757
chr15	59930261	59949741	19480	16716	0.08	9.76	2.49	2	41647	GTF2A2	2.02948199405487	0.15303738317757
chr15	65822827	65870694	47867	38917	0.04	9.72	2.41	2	93748.48	HACD3	2.01858810660902	0.151869158878505
chr15	89420516	89438858	18342	16817	0.04	19.56	3.52	2.44	59124.12	HAPLN3	3.95346840521565	0.608644859813084
chr15	42841011	42862191	21180	17530	0.04	8	2.34	2	40947.6	HAUS2	2.29282714597682	0.314252336448598
chr15	73612200	73661606	49406	48606	0.12	20.72	6.53	6.04	317560.44	HCN4	8.89400476123792	0.921728971962617
chr15	50534146	50558163	24017	23417	0.12	17.8	5.11	4.68	119580.64	HDC	4.44636870677475	0.649532710280374
chr15	91474148	91475800	1652	1652	1	6	3.43	3.8	5663.16	HDDC3	2.75713729308666	0.478971962616822
chr15	83806804	83876771	69967	63542	0.04	13	2.9	2.56	183967.64	HDGFRP3	2.61639367950139	0.447429906542056
chr15	63900817	64126148	225331	201606	0.04	10	2.57	2	518888.16	HERC1	2.24533091194969	0.281542056074766
chr15	28356183	28567299	211116	179117	0.04	26.4	2.36	2	421864.32	HERC2	2.23955152094283	0.279205607476636
chr15	31110239	31119987	9748	8786	0.08	12.4	4.56	4.16	40022.44	HERC2P10	4.11541799485861	0.622663551401869
chr15	23282265	23378260	95995	81385	0.04	10.76	2.34	2	190419.8	HERC2P2	2.34999136122424	0.342289719626168
chr15	20613650	20711434	97784	76659	0.04	11	2.49	2	191031.92	HERC2P3	2.31500527151323	0.327102803738318
chr15	23390722	23393944	3222	3022	0.72	11.04	4.14	3.52	12523	HERC2P7	3.40483958673192	0.580607476635514
chr15	28899588	28930411	30823	24923	0.04	8.84	2.31	2	57678	HERC2P9	2.01196617212256	0.149532710280374
chr15	72635776	72668815	33039	29515	0.04	8.92	2.51	2	74215.4	HEXA	2.21029150733236	0.257009345794392
chr15	72668454	72671130	2676	2396	0.08	6.96	3.22	3	7727	HEXA-AS1	3.18970641656484	0.543224299065421
chr15	72968123	72978491	10368	9618	0.16	21.84	4.75	3.84	45660.2	HIGD2B	4.95472834838771	0.689252336448598
chr15	77712993	77777947	64954	58354	0.04	10	2.62	2.24	152965.72	HMG20A	2.36992428176751	0.350467289719626
chr15	45803334	45848929	45595	43270	0.04	32.48	5.51	4.76	238493.36	HMGN2P46	5.71693458302371	0.76285046728972
chr15	83517729	83621477	103748	96823	0.04	38.52	7.46	6.84	722472.72	HOMER2	8.58832267350493	0.911214953271028
chr15	58982672	58985807	3135	2810	0.32	6	2.74	2.52	7703.72	HSP90AB4P	2.23454269106266	0.274532710280374
chr15	99797730	99800482	2752	2252	0.2	7	3.62	3	8157.8	HSP90B2P	2.16387267904509	0.232476635514019
chr15	78799906	78829716	29810	27635	0.04	17.48	3.45	2.72	95341.84	HYKK	3.83962949538883	0.599299065420561
chr15	44092619	44094770	2151	1826	0.24	6	2.12	2	3876.64	HYPK	1.42771279573377	0.0572429906542056
chr15	60711808	60771360	59552	51477	0.04	9.56	2.64	2.08	135775	ICE2	2.47963693476514	0.404205607476636
chr15	90627211	90645787	18576	15489	0.04	9	2.23	2	34565.32	IDH2	1.66374272946586	0.0771028037383178
chr15	78441719	78462885	21166	18491	0.04	10.8	2.64	2.12	48854	IDH3A	2.2297581013236	0.272196261682243
chr15	65619465	65670379	50914	49864	0.08	35.68	7.33	6	365513.28	IGDCC3	9.36258075092598	0.938084112149533
chr15	65673825	65715411	41586	40886	0.16	26.96	7.47	6.96	305235.32	IGDCC4	7.91339106087317	0.884345794392523
chr15	99191768	99507760	315992	308960	0.04	30.2	5.52	5	1704037	IGF1R	5.34532764515825	0.735981308411215
chr15	22448240	22448882	642	582	1	3	2.21	2.04	1288	IGHV1OR15-1	1.2420443587271	0.0496495327102804
chr15	22465806	22466548	742	742	1	3.8	2.18	2	1617.8	IGHV1OR15-3	2.04525916561315	0.160630841121495
chr15	81489219	81605105	115886	112186	0.04	25.76	5.73	5	643227.6	IL16	5.64854094401756	0.755841121495327
chr15	75931426	75932665	1239	1239	1.36	7.52	3.24	2.84	4019.6	IMP3	1.68088451759668	0.080607476635514
chr15	40616257	40618917	2660	2660	1.24	15.28	6.17	5.28	16421.52	INAFM2	5.41249835201055	0.738317757009346
chr15	41271079	41408445	137366	115616	0.04	23.64	2.38	2	274962	INO80	2.06728087177629	0.177570093457944
chr15	25361692	25367624	5932	5299	0.08	7.6	2.71	2.36	14385.52	IPW	2.96012971834	0.51518691588785
chr15	67547138	67794143	247005	231705	0.04	20	4.73	4.08	1095942.08	IQCH	4.99558705899535	0.696261682242991
chr15	67695949	67814183	118234	103809	0.04	12.64	3.1	2.92	321935.32	IQCH-AS1	2.97013510371729	0.516355140186916
chr15	90931473	91045476	114003	100951	0.04	9	2.48	2	250529.24	IQGAP1	2.08350304347219	0.189252336448598
chr15	99189095	99194451	5356	5106	0.12	31.44	11.55	9.72	58954.04	IRAIN	15.1669771031644	0.98714953271028
chr15	78730518	78793799	63281	55656	0.04	10.68	2.6	2.04	144849.8	IREB2	2.16471590399617	0.233644859813084
chr15	89178868	89199576	20708	18233	0.04	12	2.6	2	47385.76	ISG20	1.93986415232755	0.122663551401869
chr15	76629065	76634817	5752	5752	4.6	36.32	15.81	14.44	90954.52	ISL2	19.2414893166914	0.994158878504673
chr15	74466087	74469213	3126	2801	0.44	9.28	4.14	3.56	11587	ISLR	5.0617704620116	0.703271028037383
chr15	74421715	74429144	7429	7354	0.68	45.16	19.44	20.04	142974.12	ISLR2	43.8651653678591	0.998831775700935
chr15	68594042	68724493	130451	127401	0.04	24.28	6.69	6.08	852611.8	ITGA11	7.51535399242587	0.867990654205608
chr15	41786056	41795758	9702	9677	0.4	45.4	12.53	11.84	121207.72	ITPKA	13.3709564258136	0.980140186915888
chr15	40697686	40713513	15827	13402	0.04	7.56	2.45	2	32878.76	IVD	2.01019564685742	0.148364485981308
chr15	42120283	42129786	9503	8436	0.04	11.92	2.66	2	22459	JMJD7	2.04749749293463	0.163551401869159
chr15	42120283	42140347	20064	16822	0.04	11.92	2.26	2	38047.96	JMJD7-PLA2G4B	2.04964887443733	0.164719626168224
chr15	34432875	34502298	69423	57698	0.04	10.24	2.42	2	139569.96	KATNBL1	2.40314680257585	0.369158878504673
chr15	65369154	65372277	3123	3073	0.44	16.6	7.34	7.6	22556.08	KBTBD13	7.49122550647625	0.865654205607477
chr15	64657211	64679887	22676	18250	0.04	8	2.34	2	42735	KIAA0101	2.41751540398841	0.382009345794392
chr15	79724858	79764643	39785	38635	0.04	32.84	6.5	5.68	250982.72	KIAA1024	7.45419423819424	0.85981308411215
chr15	69706585	69740767	34182	29432	0.04	10	2.58	2	75802.32	KIF23	2.30640540376073	0.321261682242991
chr15	90171201	90198683	27482	20307	0.04	21.16	3.64	2.64	73985.24	KIF7	4.99026299885606	0.695093457943925
chr15	31619058	31727869	108811	99094	0.04	19	3.52	3	349281	KLF13	3.12494184590058	0.536214953271028
chr15	86302559	86338190	35631	31006	0.04	25	2.38	2	73748	KLHL25	2.43071852340145	0.39018691588785
chr15	40886447	40954882	68435	53935	0.04	12.8	2.21	2	119431	KNL1	2.27787170023208	0.30607476635514
chr15	40674922	40686490	11568	10218	0.04	6.32	2.63	2.32	26884	KNSTRN	1.80599220744324	0.103971962616822
chr15	63413999	63434265	20266	17066	0.04	7.88	2.3	2	39245.12	LACTB	2.32439706230751	0.33411214953271
chr15	71123863	71146605	22742	22542	0.08	25.84	6.38	5.72	143849.6	LARP6	7.40736773808175	0.851635514018692
chr15	43619974	43622821	2847	2797	0.08	8	3.28	3	9160.52	LCMT2	2.47381042398056	0.400700934579439
chr15	66839806	66858318	18512	15637	0.04	8.88	2.39	2	37354.64	LCTL	2.88533919958969	0.502336448598131
chr15	59499015	59500786	1771	1646	0.56	6	2.4	2	3942.4	LDHAL6B	1.70784959279154	0.0911214953271028
chr15	52230222	52263999	33777	28602	0.04	13.84	2.48	2	70859	LEO1	2.36878244335033	0.348130841121495
chr15	70127573	70135307	7734	7734	0.64	23.32	9.07	8.56	70182.96	LINC00593	7.22418528049408	0.839953271028037
chr15	77516250	77517747	1497	1497	1	7	3.33	2.96	4978	LINC00597	2.05352870319951	0.16588785046729
chr15	98285846	98417660	131814	118489	0.04	10.2	2.49	2	294614.76	LINC00923	2.70805537171851	0.466121495327103
chr15	95976322	96051077	74755	69605	0.04	12.04	3.05	2.96	212592.08	LINC00924	3.28327536679537	0.560747663551402
chr15	57592563	57599968	7405	7230	0.32	8.6	3.31	3	23909.48	LINC00926	3.37895421141888	0.574766355140187
chr15	80555410	80634148	78738	76763	0.08	20.72	7.15	6.64	549034.04	LINC00927	7.63544127054766	0.872663551401869
chr15	90048161	90067266	19105	17455	0.16	17.28	6.34	5.92	110648.6	LINC00928	7.84957846556357	0.879672897196262
chr15	26360960	26378185	17225	14200	0.04	8.56	2.39	2	33884	LINC00929	3.02789841474094	0.522196261682243
chr15	93111048	93115494	4446	4446	1	17.64	8.94	9.16	39742.64	LINC00930	9.07988119716701	0.926401869158878
chr15	85113880	85123413	9533	9283	0.12	22.88	7.45	7	69157.36	LINC00933	8.23596046206979	0.900700934579439
chr15	66874528	66978137	103609	100384	0.04	27.92	5.47	5	548706	LINC01169	6.03255764454233	0.786214953271028
chr15	21145767	21198634	52867	47683	0.04	9.44	2.54	2	121232	LINC01193	4.29215790405381	0.642523364485981
chr15	95822519	95870330	47811	45136	0.04	14	3.96	3.8	178708.44	LINC01197	3.91360345484568	0.605140186915888
chr15	80487821	80544604	56783	56108	0.04	28.68	7.86	7.26	440748.36	LINC01314	8.2315172568355	0.899532710280374
chr15	57611336	57617238	5902	4663	0.2	10	3.09	3	14385.76	LINC01413	2.06691954022989	0.176401869158879
chr15	48095581	48138434	42853	42478	0.08	20.72	6.8	6.24	288962.76	LINC01491	5.97227926587302	0.779205607476635
chr15	93426073	93441978	15905	14653	0.08	7.04	2.53	2	37058.56	LINC01578	2.41896605744125	0.383177570093458
chr15	94443930	94527380	83450	81000	0.04	15.88	4.32	4	349851	LINC01580	4.96383371169126	0.691588785046729
chr15	94448634	94651168	202534	194609	0.04	19	4.62	4.12	899452.8	LINC01581	5.25258584442887	0.719626168224299
chr15	98626208	98631983	5775	5275	0.24	9.04	2.75	2.4	14490.08	LINC01582	5.07533450087566	0.705607476635514
chr15	82380935	82390035	9100	8825	0.2	16	5.53	5.08	48764.8	LINC01583	6.22238101314279	0.799065420560748
chr15	86626576	86659949	33373	32898	0.16	14.64	5.66	5.32	186105	LINC01584	5.84868007542426	0.772196261682243
chr15	91203465	91208186	4721	4696	0.04	9.4	2.99	2.92	14031.32	LINC01585	3.2691798695247	0.55607476635514
chr15	89128802	89148342	19540	19365	0.04	26.32	6.61	5.76	127945.76	LINC01586	6.78217651736019	0.823598130841122
chr15	77905366	78113243	207877	205877	0.04	32.32	7.55	6.96	1554907.2	LINGO1	9.25171032980895	0.934579439252336
chr15	77934106	77941582	7476	7376	0.76	15.68	7.23	7	53327.36	LINGO1-AS1	10.2948571428571	0.955607476635514
chr15	77952393	77960417	8024	7974	0.8	18.76	7.44	6.96	59304.08	LINGO1-AS2	9.84620391031771	0.947429906542056
chr15	101109428	101142446	33018	27493	0.04	11.96	2.84	2.48	78142.12	LINS1	2.45228375674407	0.397196261682243
chr15	58724175	58861074	136899	130774	0.04	20.8	3.76	3.4	491558.36	LIPC	3.28204444088348	0.559579439252336
chr15	58727100	58790935	63835	60135	0.04	10.24	3.24	3	195021.2	LIPC-AS1	2.66039336801927	0.456775700934579
chr15	75105194	75118100	12906	12306	0.08	24.24	6.47	5.64	79679	LMAN1L	5.82023374726077	0.766355140186916
chr15	102277297	102287074	9777	8427	0.04	8.12	2.35	2	19805.24	LOC100128108	2.41695914711238	0.380841121495327
chr15	26147507	26298268	150761	132186	0.04	44	2.57	2	339834.28	LOC100128714	2.87037808475393	0.501168224299065
chr15	52472223	52498077	25854	23479	0.04	11.72	4.07	4	95488.32	LOC100129973	3.85188866478419	0.601635514018692
chr15	29967139	29971368	4229	4229	0.96	11.12	4.97	4.96	21029	LOC100130111	8.74386694386694	0.91588785046729
chr15	33010302	33011067	765	765	19.48	27.72	22.55	21.96	17251.28	LOC100131315	46.6250810810811	1
chr15	30938318	31065210	126892	117542	0.04	12	3.11	2.96	365940.8	LOC100288637	2.75950978351688	0.480140186915888
chr15	29033389	29034539	1150	1150	1	24	12.17	11.16	13990.96	LOC100289656	15.5849930936149	0.988317757009346
chr15	45021186	45025050	3864	3700	0.04	8	2.58	2	9533	LOC100419583	2.37550585092598	0.353971962616822
chr15	52211160	52216318	5158	4033	0.12	7	2.11	2	8499.28	LOC100422556	1.79063398026344	0.100467289719626
chr15	32828960	32872811	43851	42201	0.04	20.24	5.09	4.56	214950.2	LOC100996255	6.97776984255803	0.830607476635514
chr15	91565852	91574370	8518	7168	0.04	9.68	3.08	2	22061.2	LOC101926911	3.21310806874454	0.546728971962617
chr15	22278031	22383565	105534	93834	0.04	14	3.7	3.24	347326.72	LOC101927079	4.29100379279246	0.641355140186916
chr15	94399789	94421586	21797	21272	0.04	23	4.82	4	102448	LOC101927153	5.55890766552791	0.748831775700935
chr15	97913601	98065042	151441	120016	0.04	16	2.38	2	285699.72	LOC101927286	2.57241133410767	0.439252336448598
chr15	98096514	98103929	7415	6640	0.12	7	2.52	2	16745.4	LOC101927310	2.95541828450406	0.514018691588785
chr15	101432548	101459489	26941	26366	0.08	22.52	6.87	6.24	181126.64	LOC101927751	6.21104999657088	0.796728971962617
chr15	32878306	32906948	28642	21992	0.08	16.08	2.83	2	62139.96	LOC101928042	5.05037044743027	0.702102803738318
chr15	33595858	33602861	7003	7003	1.76	20	10.25	10.32	71806.48	LOC101928134	9.94208083649937	0.949766355140187
chr15	35047285	35105125	57840	56865	0.04	27.84	8.25	7.16	469031.2	LOC101928174	8.65291393782861	0.913551401869159
chr15	38332594	38354542	21948	21698	0.12	10.44	4.06	4	88171	LOC101928227	4.03380913166804	0.615654205607477
chr15	45543779	45571421	27642	25567	0.04	11.8	3.29	3	84110.76	LOC101928414	3.2231729131763	0.547897196261682
chr15	59060271	59063174	2903	2078	0.44	6	2.45	2	5097	LOC101928725	2.23454625164402	0.275700934579439
chr15	62352702	62354634	1932	1784	0.68	22.04	10.07	9	17960.36	LOC101928907	6.0209051290647	0.785046728971963
chr15	64220473	64228153	7680	6477	0.08	7	2.81	3	18171.8	LOC101928988	2.2771679197995	0.303738317757009
chr15	68126646	68131218	4572	4572	2	46.8	15.77	14.8	72112.56	LOC101929076	9.51056926867097	0.940420560747664
chr15	70863297	70878946	15649	15599	0.36	18.92	7.52	7	117362	LOC101929151	8.80810427849226	0.918224299065421
chr15	76467232	76473828	6596	6571	0.24	23.16	10.72	10.48	70423.52	LOC101929439	10.1643535089948	0.953271028037383
chr15	77817937	77826453	8516	8216	0.16	18	4.35	3	35732.6	LOC101929457	4.19889541715629	0.634345794392523
chr15	80846951	80855286	8335	8335	1	24.04	7.66	6.96	63829.8	LOC101929586	8.69345761806959	0.914719626168224
chr15	86298172	86301957	3785	2960	0.24	6.8	1.91	2	5663	LOC101929679	2.27704061117813	0.302570093457944
chr15	101098871	101100005	1134	880	0.04	5	1.74	1	1531	LOC102723335	1.27903091060986	0.0514018691588785
chr15	63682429	63729736	47307	46207	0.04	24.08	6.22	5.36	287384.36	LOC102723344	5.33276402886455	0.733644859813084
chr15	67223875	67248854	24979	24554	0.08	18.12	5.44	5	133495.84	LOC102723481	4.91824190398998	0.686915887850467
chr15	67276545	67356521	79976	76051	0.04	25.76	5.4	4.72	410430	LOC102723493	4.88665317299679	0.684579439252336
chr15	72900822	72929297	28475	27525	0.04	16.52	3.78	3.16	103946.44	LOC102723640	4.16201961961962	0.632009345794392
chr15	84977316	84978857	1541	1541	1	13.12	6.7	6.44	10318.6	LOC102724034	18.0080279232112	0.992990654205608
chr15	87482028	87531658	49630	42483	0.04	10.6	2.61	2.12	110674.72	LOC102724452	3.10249949821657	0.533878504672897
chr15	22448240	22448882	642	582	1	3	2.21	2.04	1288	LOC102724760	1.2420443587271	0.0496495327102804
chr15	31508224	31517211	8987	7436	0.08	7.32	2.32	2	17222	LOC102725022	1.84352614248952	0.11214953271028
chr15	84977217	84980582	3365	3090	0.32	13.12	4.37	3	13499.28	LOC103171574	9.12113513513514	0.932242990654206
chr15	32957903	32965267	7364	7039	0.08	7.8	3.34	3.2	23540.4	LOC105370757	3.26541822721598	0.554906542056075
chr15	42184975	42191014	6039	5864	0.08	8.52	2.55	2.04	14958	LOC105370792	2.7891105724408	0.485981308411215
chr15	45997393	46223268	225875	203900	0.04	271.44	3.77	3	768039.44	LOC105370802	4.01196968193192	0.613317757009346
chr15	55348945	55384372	35427	27677	0.04	10.16	3	2.84	83128.8	LOC105370829	3.34886194255328	0.566588785046729
chr15	72700120	72766581	66461	60205	0.04	18.2	4.38	3.48	263635.6	LOC105370888	5.1261053859615	0.711448598130841
chr15	40075107	40077818	2711	2711	0.32	10	3.35	3	9087.76	LOC105370941	3.27142610298353	0.557242990654206
chr15	41199007	41201550	2543	2468	0.6	7.2	2.17	1.96	5348	LOC105370943	2.79379806084921	0.48714953271028
chr15	87476111	87489563	13452	12377	0.04	9.52	2.8	2.88	34617.36	LOC105370954	3.03900974453516	0.523364485981308
chr15	75519094	75522032	2938	2938	2.12	17.76	9.84	9.6	28917.28	LOC105376731	7.81548108108108	0.878504672897196
chr15	69689243	69707369	18126	17926	0.04	21.28	6.41	5.68	114885.28	LOC145694	7.37768302080658	0.850467289719626
chr15	57178368	57210698	32330	29782	0.04	9.2	2.99	2.72	89016.68	LOC145783	2.73350775372332	0.473130841121495
chr15	37156644	37178735	22091	21966	0.32	35.96	11.36	9.72	249463	LOC145845	11.8037141553911	0.97196261682243
chr15	23094331	23115255	20924	19774	0.12	19.96	4.02	3.52	79533.48	LOC283683	4.96339740389416	0.690420560747664
chr15	31514971	31523051	8080	7180	0.08	6.16	2.54	2.36	18234.32	LOC283710	2.06825554542279	0.179906542056075
chr15	74418714	74421620	2906	2906	1	27.44	14.41	13	41878.44	LOC283731	15.7083420855214	0.989485981308411
chr15	83379223	83382746	3523	3523	1	19.92	6.48	5	22844.4	LOC338963	10.3666660616072	0.956775700934579
chr15	100347228	100423188	75960	65738	0.04	11	2.86	2.6	188030	LOC400464	2.88743857493857	0.504672897196262
chr15	84860600	84878026	17426	15376	0.04	12.52	2.91	2.4	44728	LOC440300	3.33616767360334	0.565420560747664
chr15	95398592	95400294	1702	794	0.16	3	1.72	1.92	1364	LOC440311	1.66447015180358	0.0782710280373832
chr15	22465806	22466548	742	742	1	3.8	2.18	2	1617.8	LOC642131	2.04525916561315	0.160630841121495
chr15	84868830	84869442	612	445	0.08	3	1.66	1	737.4	LOC642423	1.99297297297297	0.141355140186916
chr15	78206559	78219189	12630	12505	0.04	17.6	6.59	6.08	82440.36	LOC645752	11.3711468752931	0.967289719626168
chr15	21932514	21940740	8226	7326	0.16	17	7.12	6.96	52125.4	LOC646214	5.74822895254563	0.764018691588785
chr15	79044379	79045735	1356	1356	0.68	7.8	3.58	3	4850.68	LOC646938	3.38026480836237	0.575934579439252
chr15	83140204	83182974	42770	35995	0.04	16.96	3.38	3	121806.4	LOC727751	3.95320276982274	0.607476635514019
chr15	22278032	22371089	93057	81507	0.04	13.8	3.46	3	282227.64	LOC727924	4.0438394085282	0.616822429906542
chr15	74653893	74654383	490	490	3.16	9.72	5.49	5	2691.8	LOC729739	5.65504201680672	0.757009345794392
chr15	78285575	78286568	993	918	0.2	6.72	2.53	2	2319	LOC91450	3.39531478770132	0.579439252336449
chr15	74218799	74244483	25684	25684	0.04	24.28	8.81	8	226278.72	LOXL1	9.9669083381051	0.950934579439252
chr15	74209809	74220590	10781	10656	0.68	21.24	8.64	7.76	92062.52	LOXL1-AS1	10.5879838987924	0.95911214953271
chr15	34651089	34659396	8307	7146	0.08	9	2.55	2	18210.32	LPCAT4	2.40083322346737	0.367990654205608
chr15	99791567	99930938	139371	122763	0.04	11.72	2.83	2.56	347623.52	LRRC28	2.31946941389986	0.330607476635514
chr15	71145578	71342437	196859	178859	0.04	23.72	3.5	3	626184.64	LRRC49	3.87398248238909	0.602803738317757
chr15	42834720	42841003	6283	5708	0.12	8	2.91	2.8	16595.2	LRRC57	3.37026807473599	0.570093457943925
chr15	101459420	101610318	150898	135243	0.04	11.04	2.56	2	346805	LRRK1	2.07158526075196	0.182242990654206
chr15	41795840	41806086	10246	10021	0.36	35.24	9.42	7.52	94400.96	LTK	13.4283015647226	0.981308411214953
chr15	99557933	99574276	16343	15718	0.16	12.24	4.11	4	64613	LUNAR1	4.24276052268698	0.639018691588785
chr15	52015261	52043651	28390	26790	0.04	13.24	3.68	3	98630.6	LYSMD2	3.09992230597867	0.532710280373832
chr15	100267606	100273650	6044	5300	0.16	9.36	3.16	2.94	16747	LYSMD4	2.51456456456456	0.414719626168224
chr15	23888696	23892994	4298	2875	0.08	4	1.35	1	3885	MAGEL2	1.60747091243111	0.0724299065420561
chr15	91445448	91465816	20368	16152	0.04	7	2.35	2	37954	MAN2A2	2.04531002446569	0.162383177570093
chr15	75648133	75660969	12836	9844	0.04	8	2.14	2	21100	MAN2C1	2.31258220078913	0.324766355140187
chr15	43809806	43823819	14013	13363	0.04	28.6	7.14	6	95416.88	MAP1A	9.04936627706268	0.925233644859813
chr15	66679211	66783883	104672	87258	0.04	20	2.68	2.08	233746	MAP2K1	2.11513785957959	0.199766355140187
chr15	67835021	68099456	264435	236600	0.04	12.2	2.77	2.44	656380	MAP2K5	2.28755641521599	0.310747663551402
chr15	52311411	52358463	47052	41800	0.04	10	2.58	2	107670	MAPK6	2.30123108489356	0.316588785046729
chr15	42066632	42120054	53422	45879	0.04	11.36	2.56	2	117562	MAPKBP1	2.39791102179949	0.365654205607477
chr15	94841430	95027182	185752	171677	0.04	13.52	3.08	3	528170.44	MCTP2	3.27195710163458	0.558411214953271
chr15	100106133	100256694	150561	137219	0.04	133.92	2.99	2.48	409868.16	MEF2A	2.56424024024024	0.438084112149533
chr15	66187634	66546076	358442	352317	0.04	44.08	7.04	6.48	2481038.12	MEGF11	6.86224583666391	0.824766355140187
chr15	37183222	37393501	210279	201229	0.04	29.88	3.73	3.16	750625.04	MEIS2	3.67627271881321	0.593457943925234
chr15	81293295	81296346	3051	1946	0.04	5.6	1.86	1	3623.12	MESDC1	1.22333270306043	0.0478971962616822
chr15	81239668	81282220	42552	37150	0.04	12	2.62	2	97495	MESDC2	2.37390855478775	0.352803738317757
chr15	90293098	90294541	1443	1002	0.04	16.52	7.46	10.08	7475	MESP1	10.6785714285714	0.960280373831776
chr15	90319589	90321983	2394	2394	1	10	4.38	4	10474.92	MESP2	6.36773252279635	0.80607476635514
chr15	82334119	82338485	4366	4341	0.16	23.16	6.99	4.44	30352	MEX3B	14.9149877149877	0.985981308411215
chr15	44096733	44116952	20219	17119	0.04	8.76	2.2	2	37663.48	MFAP1	1.68178075463273	0.0817757009345794
chr15	89441914	89456701	14787	14287	0.12	17.76	5.83	5.08	83288.92	MFGE8	7.32640530878793	0.845794392523365
chr15	41952610	42062142	109532	92900	0.04	11	2.4	2	222925	MGA	2.16310400986164	0.231308411214953
chr15	62929371	62937381	8010	7910	0.52	17	5.23	5	41330.8	MGC15885	5.98390039090777	0.780373831775701
chr15	89151338	89151429	91	91	13.92	19.56	17.59	18.2	1600.28	MIR1179	11.1316082359488	0.964953271028037
chr15	34674270	34674352	82	82	1.44	5	2.78	2	228	MIR1233-1	2.68235294117647	0.462032710280374
chr15	34674270	34674352	82	82	1.44	5	2.78	2	228	MIR1233-2	2.68235294117647	0.462032710280374
chr15	44085857	44085958	101	101	2	2.68	2.28	2	230	MIR1282	1.04583484903601	0.0420560747663551
chr15	31357235	31357345	110	110	8	10.24	9.21	9	1013	MIR211	5.52344601962923	0.747663551401869
chr15	90549987	90550074	87	87	2	5	3.37	3.72	293	MIR3174	1.99319727891156	0.142523364485981
chr15	93447629	93447706	77	77	1	1.08	1.01	1	77.48	MIR3175	0.513112582781457	0.0245327102803738
chr15	89155078	89155156	78	78	4.16	5	4.59	4.44	357.64	MIR3529	3.91119860017498	0.603971962616822
chr15	35664457	35664566	109	109	4.2	8.56	6.56	7	714.56	MIR3942	1.54666666666667	0.0677570093457944
chr15	69094189	69094265	76	76	5	7.56	6.51	7.2	494.4	MIR4312	4.32167832167832	0.644859813084112
chr15	23807209	23807279	70	70	1.44	2	1.76	1.88	123	MIR4508	0.6299938537185	0.0268691588785047
chr15	36219057	36219125	68	25	0.72	0.72	0.72	0.72	18	MIR4510	0.264705882352941	0.0163551401869159
chr15	66789296	66789373	77	77	2	2.36	2.12	2	163	MIR4512	2.11688311688312	0.203271028037383
chr15	75081013	75081099	86	86	3.2	4	3.58	3.36	308	MIR4513	1.7906976744186	0.101635514018692
chr15	81289758	81289815	57	57	1.12	2	1.74	2	99.04	MIR4514	0.844762879563289	0.0315420560747664
chr15	51534387	51534462	75	75	4.32	6	5.56	5.76	417.16	MIR4713	1.44847222222222	0.0595794392523364
chr15	90393869	90393954	85	85	1	2.96	1.42	1.12	120.84	MIR5094	0.598099386260147	0.0257009345794393
chr15	69116303	69489863	373560	363810	0.04	32.4	6.72	6	2444912.08	MIR548H4	7.87086323778717	0.880841121495327
chr15	81134319	81134415	96	96	5.72	7.56	6.74	7.28	647.16	MIR549A	6.21552055320784	0.797897196261682
chr15	80873444	80873581	137	137	5	6.68	5.72	5.68	783.6	MIR5572	3.19263363754889	0.544392523364486
chr15	62635228	62635338	110	85	0.16	1	0.51	0.16	43	MIR6085	0.143947509373326	0.0116822429906542
chr15	41983783	41983877	94	94	4	5	4.84	5	454.8	MIR626	1.51176705225369	0.066588785046729
chr15	55665138	55665233	95	95	4	5	4.42	4.32	420	MIR628	1.49892933618844	0.0642523364485981
chr15	70371711	70371808	97	97	2	3.12	2.61	2.36	253	MIR629	2.85553047404063	0.496495327102804
chr15	72879558	72879655	97	17	0.12	0.12	0.12	0.12	2.04	MIR630	0.00934065934065934	0.00817757009345794
chr15	75132983	75133049	66	66	0.44	1	0.74	0.8	48.6	MIR6882	0.300593765462642	0.0198598130841121
chr15	89155056	89155166	110	110	4.16	5	4.56	4.44	501.48	MIR7-2	4.02989392478303	0.614485981308411
chr15	85923827	85923894	67	19	0.32	0.32	0.32	0.32	6.08	MIR7706	0.0907462686567164	0.0105140186915888
chr15	51606231	51606307	76	76	6.44	7.8	6.95	6.8	528.48	MIR7973-1	4.84844036697248	0.68107476635514
chr15	51606229	51606305	76	76	6.44	7.8	6.95	6.8	527.92	MIR7973-2	4.75603603603604	0.675233644859813
chr15	89911248	89911338	90	90	6.12	7.76	7.23	7.2	650.6	MIR9-3	4.74890510948905	0.674065420560748
chr15	89904810	89941719	36909	36909	0.84	31.32	11.27	10.6	415866.4	MIR9-3HG	12.3618476435981	0.975467289719626
chr15	23810454	23813167	2713	2463	0.28	10	2.55	2	6274.24	MKRN3	2.58945109368551	0.442757009345794
chr15	56720929	56757336	36407	31307	0.04	9.8	2.54	2	79560.48	MNS1	2.61972009072158	0.450934579439252
chr15	79165123	79190082	24959	22157	0.04	10.92	2.72	2.4	60346.52	MORF4L1	2.49268961642998	0.410046728971963
chr15	75182352	75191799	9447	8174	0.04	8.52	2.69	2.56	22016	MPI	2.27232380614238	0.300233644859813
chr15	40824083	40824750	667	667	1	5.24	2.92	3	1948.96	MRPL42P5	3.23747508305648	0.550233644859813
chr15	89002709	89010634	7925	7300	0.08	7.92	2.66	2.06	19434.52	MRPL46	2.42144530276601	0.385514018691589
chr15	89010684	89023999	13315	11690	0.04	8.8	2.8	2.52	32778.76	MRPS11	2.23997780438336	0.280373831775701
chr15	65293850	65321978	28128	23700	0.04	9.64	2.21	2	52260	MTFMT	1.87627903636951	0.116822429906542
chr15	80135889	80189628	53739	49239	0.04	12.36	2.83	2.6	139479.52	MTHFS	2.34897051146028	0.341121495327103
chr15	31231144	31283808	52664	46964	0.04	11	2.73	2.16	127999.36	MTMR10	2.11153862650324	0.197429906542056
chr15	48431625	48470559	38934	35225	0.04	9.88	2.55	2	89910	MYEF2	2.27113818098781	0.299065420560748
chr15	59428168	59665072	236904	214379	0.04	122.56	2.88	2.36	617306.52	MYO1E	2.27732484262535	0.304906542056075
chr15	52599480	52821248	221768	193093	0.04	13.84	2.63	2.12	508284	MYO5A	2.21280323062898	0.259345794392523
chr15	52484515	52587996	103481	96781	0.04	26.52	4.48	4	434017	MYO5C	3.84819381369442	0.600467289719626
chr15	72118361	72410441	292080	253630	0.04	13	2.55	2	647129	MYO9A	2.34305731561606	0.338785046728972
chr15	57884102	57977563	93461	92186	0.08	21.4	7.61	7.16	701182.16	MYZAP	8.75328830909431	0.917056074766355
chr15	20874797	20961481	86684	43834	0.04	15.88	3.8	3	166753.08	NBEAP1	6.04944966442953	0.788551401869159
chr15	23930554	23932451	1897	1621	0.16	8.64	2.22	1.4	3592	NDN	2.42702702702703	0.38785046728972
chr15	41679547	41694659	15112	9578	0.16	7.12	2.18	2	20875.92	NDUFAF1	1.83369171093684	0.108644859813084
chr15	49448495	49450823	2328	2203	0.12	7	2.65	2.64	5846	NDUFAF4P1	1.94025887819449	0.123831775700935
chr15	56119117	56285945	166828	144925	0.04	12.44	2.44	2	353350	NEDD4	2.36378231929625	0.345794392523364
chr15	75639331	75647593	8262	7119	0.12	28.88	6.08	3.84	43315.72	NEIL1	5.85347567567568	0.773364485981308
chr15	73344825	73597548	252723	242948	0.04	30.44	5.32	5	1292896.32	NEO1	5.83568639133378	0.769859813084112
chr15	22133181	22145803	12622	11197	0.04	11.44	2.85	2.28	31950	NF1P2	5.49539384515889	0.745327102803738
chr15	90808895	90815444	6549	5774	0.24	7	2.83	2.12	16356	NGRN	1.47860203583504	0.0619158878504673
chr15	23043279	23086844	43565	34269	0.04	10.96	2.53	2	86670	NIPA1	2.39990031566705	0.366822429906542
chr15	23004684	23034428	29744	24869	0.04	9.04	2.42	2	60267.6	NIPA2	2.08646702440713	0.191588785046729
chr15	85198360	85201803	3443	3293	0.2	17.04	6.43	5.16	21180.52	NMB	4.87132474701012	0.683411214953271
chr15	34633917	34635363	1446	1283	0.16	12	4.05	3.84	5197	NOP10	3.18584179294787	0.542056074766355
chr15	69222839	69349502	126663	123813	0.04	26.56	6.37	6	789162.72	NOX5	7.67220221660509	0.876168224299065
chr15	24920541	24928594	8053	6053	0.08	6.12	2.2	2	13335	NPAP1	2.48555452003728	0.406542056074766
chr15	73852344	73925754	73410	66275	0.04	9.92	2.73	2.44	180930	NPTN	2.31534090909091	0.328271028037383
chr15	73859279	73861885	2606	2256	0.32	7.76	2.32	2	5244.08	NPTN-IT1	2.30407732864675	0.317757009345794
chr15	72102888	72110598	7710	7035	0.04	7.36	2.76	2.84	19448.96	NR2E3	4.39425214640759	0.647196261682243
chr15	96869157	96883493	14336	14111	0.16	31.6	8.97	7.72	126634	NR2F2	9.62615543663342	0.942757009345794
chr15	96670589	96870348	199759	191334	0.04	33.64	4.01	3.24	768037.28	NR2F2-AS1	4.22391468810434	0.63785046728972
chr15	76234328	76304786	70458	66508	0.08	18.08	4.76	4.2	316570.32	NRG4	5.23808067731457	0.718457943925234
chr15	29560353	29562021	1668	1522	0.08	10	3.16	3	4816.4	NSMCE3	2.94581039755352	0.511682242990654
chr15	88419988	88799963	379975	373025	0.04	26.84	5.67	5.2	2113894.48	NTRK3	6.51451348269592	0.813084112149533
chr15	88795961	88814298	18337	18287	0.08	32.76	9.03	7.88	165082.08	NTRK3-AS1	9.11244129537671	0.928738317757009
chr15	41624892	41673249	48357	35924	0.04	9.88	2.15	2	77225	NUSAP1	2.10269940588021	0.19392523364486
chr15	34635516	34649939	14423	11673	0.04	17	3.03	2	35346.96	NUTM1	2.21242066522289	0.258177570093458
chr15	64979773	64995481	15708	13433	0.08	7.12	2.51	2	33688	OAZ2	1.62630198778825	0.0735981308411215
chr15	28000021	28344459	344438	295009	0.04	29.96	2.65	2	781352.56	OCA2	3.00777032697149	0.521028037383178
chr15	76016319	76020028	3709	3556	0.72	12	4.7	4.48	16711.4	ODF3L1	6.17568366592757	0.793224299065421
chr15	41601466	41624820	23354	17179	0.04	7	1.87	1.76	32176.4	OIP5	1.74237288135593	0.0934579439252336
chr15	41576201	41591796	15595	13370	0.04	8.04	2.42	2	32325.84	OIP5-AS1	2.44503744043567	0.394859813084112
chr15	53049160	53082210	33050	32975	0.32	35.2	10.81	10	356375.6	ONECUT1	10.9268062352061	0.962616822429907
chr15	102382322	102390528	8206	8206	0.48	15.04	6.87	6.52	56344.96	OR4F13P	10.8733751196468	0.961448598130841
chr15	102358390	102359329	939	939	2	10.36	6.98	7.6	6557.6	OR4F15	8.86162162162162	0.920560747663551
chr15	102462345	102463263	918	918	3.76	16.68	8.71	7.96	7993.76	OR4F4	9.76039072039072	0.945093457943925
chr15	102345923	102346862	939	939	2	12.96	7.06	7.92	6633	OR4F6	6.63087811900192	0.815420560747664
chr15	22368478	22369562	1084	1084	1	8.8	4.33	4	4691.32	OR4M2	4.64947472745292	0.66588785046729
chr15	22413462	22414396	934	934	2.6	15.4	7.26	6.12	6781.6	OR4N3P	3.06427125506073	0.52803738317757
chr15	22382382	22383816	1434	1434	0.72	13.72	6.11	6.96	8762.8	OR4N4	5.58140127388535	0.752336448598131
chr15	31775329	31947543	172214	160164	0.04	25.08	4.93	4.24	789230.24	OTUD7A	5.23457339065586	0.717289719626168
chr15	40531292	40569689	38397	37097	0.04	28.76	6.37	5.44	236479.36	PAK6	7.31264873957895	0.844626168224299
chr15	69591294	69699977	108683	106133	0.08	35.16	6.65	6	705370.36	PAQR5	7.59510059893341	0.870327102803738
chr15	65550432	65579182	28750	23000	0.04	9.72	2.17	2	49950	PARP16	1.7643468419781	0.0969626168224299
chr15	72533522	72564917	31395	27345	0.08	11	2.67	2.08	73090.2	PARP6	2.1912816669165	0.246495327102804
chr15	44957930	44969087	11157	10432	0.04	9	3.17	2.84	33078	PATL2	2.52577083428781	0.421728971962617
chr15	69884539	69988092	103553	100028	0.04	34.16	9	8.44	899916.04	PCAT29	9.11519685597658	0.93107476635514
chr15	101844133	102030188	186055	181755	0.04	26.8	6.55	6	1191292.64	PCSK6	7.06076718824087	0.832943925233645
chr15	101874642	101877637	2995	2970	0.28	13.68	4.83	4	14333.44	PCSK6-AS1	3.38932135256562	0.577102803738318
chr15	29034980	29101721	66741	62991	0.04	24.36	5.63	4.96	354342.24	PDCD6IPP2	7.4990717751063	0.866822429906542
chr15	65409717	65426175	16458	14558	0.08	6	2.33	2	33946	PDCD7	2.83514625900338	0.492990654205608
chr15	85523744	85682377	158633	137708	0.04	11.2	2.64	2.12	364152.36	PDE8A	2.27034733002899	0.297897196261682
chr15	44038590	44064805	26215	22140	0.04	12	2.46	2	54421.2	PDIA3	2.0398515686495	0.156542056074766
chr15	77400498	77712447	311949	268474	0.04	15.12	2.76	2.36	741494.24	PEAK1	2.66046988245763	0.457943925233645
chr15	90224762	90234016	9254	8629	0.08	9.72	2.88	2.52	24856.36	PEX11A	3.0551081612586	0.526869158878505
chr15	34394274	34396592	2318	2318	0.6	11.28	4.66	4.16	10806.6	PGBD4	3.37394160401628	0.572429906542056
chr15	99511459	99551025	39566	36041	0.04	14.32	3.25	3	117216	PGPEP1L	3.39333584228353	0.578271028037383
chr15	40643234	40648635	5401	5201	0.04	20.72	8.27	7.8	43027.08	PHGR1	10.2590031663678	0.954439252336449
chr15	68346517	68483803	137286	122053	0.04	13	2.77	2.2	337920.28	PIAS1	2.47508060558563	0.401869158878505
chr15	65107829	65117868	10039	7564	0.04	5.12	2.07	2	15674.96	PIF1	1.57971032019575	0.0700934579439252
chr15	55611133	55647847	36714	29864	0.04	7.52	2.21	2	66070.36	PIGB	2.16723610837762	0.23481308411215
chr15	55609382	55611393	2011	1643	0.08	5.72	2.4	2	3935	PIGBOS1	3.32347972972973	0.564252336448598
chr15	44168024	44170370	2346	2051	0.6	8	3.03	3	6218.08	PIN4P1	4.80041997344286	0.677570093457944
chr15	72491370	72523966	32596	28796	0.04	10.32	2.9	2.56	83537.92	PKM	2.22365749391766	0.26518691588785
chr15	42131011	42140347	9336	7411	0.04	5	1.84	1.92	13636.96	PLA2G4B	1.88768798033266	0.117990654205607
chr15	42359881	42386753	26872	26497	0.24	18.92	6.22	5.88	164881.88	PLA2G4D	8.36115010141988	0.905373831775701
chr15	42273780	42342902	69122	66997	0.04	17.08	4.99	4.44	334593.76	PLA2G4E	4.60904690405675	0.663551401869159
chr15	42264961	42291293	26332	25832	0.08	21.6	5.98	5.28	154549	PLA2G4E-AS1	6.42161465907674	0.808411214953271
chr15	42433332	42448840	15508	15233	0.08	14.08	4.51	4	68690.16	PLA2G4F	5.47113978494624	0.744158878504673
chr15	40580098	40600175	20077	19377	0.12	11	3.61	3.24	69934	PLCB2	3.69164078319753	0.595794392523365
chr15	65134082	65160202	26120	23345	0.04	10.48	2.64	2.24	61515	PLEKHO2	2.03996020560438	0.157710280373832
chr15	90207600	90222649	15049	14374	0.04	28.72	5.96	4.8	85644	PLIN1	6.49605582524272	0.811915887850467
chr15	74287014	74340156	53142	45842	0.04	9.8	2.52	2	115746.92	PML	2.41647884089438	0.379672897196262
chr15	89859536	89878027	18491	16166	0.04	8	2.18	2	35184.96	POLG	2.10839884947268	0.195093457943925
chr15	57998719	58009756	11037	10462	0.04	8.48	3.04	2.48	31767.08	POLR2M	2.93223036138884	0.508177570093458
chr15	22051853	22082804	30951	28801	0.04	9.08	2.62	2.12	75380.24	POTEB	4.15062914483436	0.630257009345794
chr15	22051853	22082804	30951	28801	0.04	9.08	2.62	2.12	75380.24	POTEB2	4.15062914483436	0.630257009345794
chr15	22051853	22083142	31289	29114	0.04	9.08	2.61	2.12	75863.24	POTEB3	4.14213704613705	0.628504672897196
chr15	75315896	75343068	27172	25068	0.04	10.76	2.75	2.32	69040.16	PPCDC	1.6869609751902	0.0852803738317757
chr15	64448014	64455355	7341	6075	0.16	9.8	2.59	2.24	15725	PPIB	2.17948717948718	0.239485981308411
chr15	43825660	43882452	56792	45317	0.04	10	2.34	2	106124.6	PPIP5K1	2.20798518641811	0.255841121495327
chr15	41107643	41120908	13265	11640	0.16	14.4	4.12	3.48	47958.12	PPP1R14D	4.16954616588419	0.633177570093458
chr15	91509268	91537882	28614	24807	0.04	8.92	2.5	2	61946	PRC1	2.24803343344593	0.282710280373832
chr15	91509599	91531855	22256	19356	0.04	8.92	2.63	2.04	50824.76	PRC1-AS1	2.24926138023207	0.283878504672897
chr15	101087957	101099489	11532	6943	0.04	8.32	2.65	2	18396.12	PRKXP1	3.20769311246731	0.545560747663551
chr15	55903739	56035318	131579	126904	0.04	30.92	5.63	4.88	713930.96	PRTG	6.43084640284555	0.809579439252336
chr15	78832747	78841564	8817	8142	0.04	6.16	2.65	2.68	21587.84	PSMA4	2.36890595852079	0.349299065420561
chr15	77287021	77329817	42796	39546	0.04	10	2.87	2.48	113579.24	PSTPIP1	2.48575768186991	0.408878504672897
chr15	75759462	75871633	112171	82363	0.04	11	2.13	2	175501	PTPN9	1.89352106597616	0.119158878504673
chr15	25380789	25383201	2412	2312	0.04	7	2.57	2	5946.48	PWAR1	2.71404837973528	0.469626168224299
chr15	25230007	25233380	3373	3255	0.04	7.28	3.2	3	10423.2	PWAR5	5.04267053701016	0.699766355140187
chr15	25227141	25228938	1797	1772	0.08	6	2.29	2	4059.12	PWARSN	2.86863604240283	0.498831775700935
chr15	24803304	24832927	29623	26223	0.04	7.2	2.32	2	60744	PWRN1	2.54574410125309	0.429906542056075
chr15	24409926	24415054	5128	4078	0.04	7	2.15	2	8766.92	PWRN2	1.84188278400592	0.10981308411215
chr15	24686274	24693115	6841	6166	0.04	7.92	2.46	2	15149.6	PWRN3	2.34657777832851	0.339953271028037
chr15	24220294	24333302	113008	92883	0.04	9	2.22	2	206637.48	PWRN4	2.74477286010308	0.476635514018692
chr15	55831085	55881051	49966	46941	0.04	37.28	6.01	4.84	282199.32	PYGO1	7.48479749622046	0.864485981308411
chr15	66161797	66184330	22533	21228	0.04	10	2.85	2.52	60486.2	RAB11A	2.53069746035731	0.424065420560748
chr15	55495164	55582014	86850	80561	0.04	14.76	3.27	3	263108	RAB27A	2.79681952505474	0.489485981308411
chr15	63481728	63559974	78246	70021	0.04	9.92	2.66	2.16	186422.76	RAB8B	2.0639438923798	0.172897196261682
chr15	40987327	41024357	37030	30405	0.04	7.92	1.99	2	60623.96	RAD51	1.75087249097473	0.0946261682242991
chr15	40985953	40987304	1351	1151	0.44	6	2.38	2.08	2737	RAD51-AS1	0.800995024875622	0.0303738317757009
chr15	79252289	79383216	130927	126152	0.04	31.24	5.3	4.32	668680.44	RASGRF1	5.08482901790806	0.707943925233645
chr15	38780299	38857008	76709	70251	0.04	11.44	2.68	2.28	188037.16	RASGRP1	2.12734244259347	0.210280373831776
chr15	65345675	65360451	14776	14301	0.16	23.2	6.32	5.2	90443.16	RASL12	5.09656078693018	0.70911214953271
chr15	65032095	65067771	35676	34251	0.04	33.32	5.08	4	174117.36	RBPMS2	5.28749954448831	0.726635514018692
chr15	91498106	91506356	8250	7575	0.12	9.04	2.45	2	18579	RCCD1	1.96313171230648	0.130841121495327
chr15	77223962	77242602	18640	17065	0.04	8.68	3	3	51113.08	RCN2	2.74182383864392	0.475467289719626
chr15	73735499	73852354	116855	103826	0.04	21.08	5	4.32	518925	REC114	5.84375	0.771028037383178
chr15	22546565	22570832	24267	22342	0.04	14.16	3.73	3.16	83374.8	REREP3	4.55904933135606	0.656542056074766
chr15	56382731	56535484	152753	131709	0.04	10.2	2.78	2.48	366437	RFX7	2.69114845502255	0.463785046728972
chr15	93586636	93632444	45808	45158	0.04	33.2	8.03	7.28	362397.6	RGMA	9.83786953334962	0.946261682242991
chr15	90014640	90039845	25205	25155	0.08	24.04	7.18	6.8	180583.4	RHCG	7.80901189189189	0.877336448598131
chr15	41164412	41166488	2076	2076	1	7.8	3.74	3.72	7772	RHOV	2.41516469857054	0.376168224299065
chr15	89753098	89764923	11825	11275	0.04	15.44	5.16	4.92	58176.6	RLBP1	4.98770576131687	0.69392523364486
chr15	41028082	41047535	19453	16668	0.04	8.96	2.5	2.08	41668	RMDN3	2.06635259112323	0.175233644859813
chr15	59279865	59389619	109754	99544	0.04	12.56	2.65	2.16	263605.2	RNF111	2.30438226115234	0.31892523364486
chr15	60780483	61521503	741020	722295	0.04	37.72	6.6	6	4767919.72	RORA	6.13819898501729	0.79088785046729
chr15	60771377	60922839	151462	142462	0.04	18.72	4.28	3.4	609410.6	RORA-AS1	3.53926330243879	0.587616822429907
chr15	60973768	60979449	5681	5656	1	12.96	5.63	5.6	31826.76	RORA-AS2	7.48076380662267	0.863317757009346
chr15	41809375	41836476	27101	21626	0.04	9	2.14	2	46346	RPAP1	2.17740192623914	0.238317757009346
chr15	66791653	66797194	5541	5416	0.04	8.76	3.61	3.44	19567.32	RPL4	3.13277617675312	0.537383177570093
chr15	69745159	69747885	2726	2601	0.04	5.4	2.33	2.12	6050.52	RPLP1	1.58606480025165	0.0712616822429906
chr15	75247443	75249776	2333	2308	0.04	25.76	6.81	5.92	15721.76	RPP25	6.53711434511434	0.814252336448598
chr15	82821158	82824953	3795	2975	0.08	6	2.18	2	6475	RPS17	2.37894040708355	0.355140186915888
chr15	63445539	63449742	4203	3853	0.2	6	2.45	2	9425.28	RPS27L	2.25978210833205	0.29088785046729
chr15	40861492	40866894	5402	4402	0.08	8.6	2.42	2	10655.36	RPUSD2	1.43991351351351	0.058411214953271
chr15	55473512	55489232	15720	13545	0.04	11	2.73	2.04	37044	RSL24D1	2.08110488894482	0.186915887850467
chr15	41709302	41775762	66460	51487	0.04	1179.52	6.53	2	336291.88	RTF1	6.71168400077916	0.81892523364486
chr15	33603163	34158305	555142	542392	0.04	92.32	6.78	6.28	3679267.76	RYR3	7.57635574774775	0.869158878504673
chr15	70927588	70929654	2066	2066	2	18.16	9.74	9.64	20112.76	SALRNA2	9.09519933434628	0.927570093457944
chr15	70907886	70908907	1021	1021	2.04	17.84	9.19	8.76	9385.08	SALRNA3	9.62572307692308	0.941588785046729
chr15	82555152	82577268	22116	21343	0.16	15.8	4.96	4.72	105815.24	SAXO2	5.77751788151788	0.76518691588785
chr15	75136071	75165721	29650	23475	0.04	15	2.65	2	62117	SCAMP2	2.07111896505735	0.18107476635514
chr15	75287876	75313837	25961	24911	0.04	19.76	5.06	4.08	126004.2	SCAMP5	4.88748303013847	0.685747663551402
chr15	85174691	85185695	11004	10029	0.04	20.16	4.04	3.24	40544	SCAND2P	2.85884320643973	0.497663551401869
chr15	76640527	77176218	535691	467366	0.04	11.8	2.88	2.64	1344032.6	SCAPER	2.90950784184264	0.507009345794392
chr15	51973550	52013224	39674	37699	0.04	24.56	5.8	4.48	218503.28	SCG3	5.62735083237185	0.754672897196262
chr15	32933814	32989300	55486	51111	0.04	15	3.47	3	177584.08	SCG5	3.37029245981287	0.571261682242991
chr15	85212768	85259692	46924	38899	0.04	9.8	2.45	2	95478.6	SEC11A	2.40887127537829	0.372663551401869
chr15	49280835	49338761	57926	50951	0.04	10.28	2.46	2	125535	SECISBP2L	2.47588900065085	0.40303738317757
chr15	90728152	90772893	44741	37116	0.04	11.6	2.83	2.84	105090	SEMA4B	2.74603524666499	0.477803738317757
chr15	47476403	48066421	590018	554997	0.04	25.08	3.69	3	2049108.36	SEMA6D	4.0973831483723	0.620327102803738
chr15	74701625	74726301	24676	22301	0.04	10	2.76	2.32	61543	SEMA7A	1.96962811239839	0.134345794392523
chr15	72406599	72433312	26713	23363	0.08	11.88	2.86	2.48	66904.6	SENP8	2.66136975141572	0.45911214953271
chr15	44069294	44088288	18994	16219	0.04	12.24	2.83	2.24	45842.08	SERF2	3.30562998814527	0.561915887850467
chr15	44084174	44094770	10596	9096	0.12	6	2.42	2	22007.2	SERF2-C15ORF63	1.67050250493396	0.0794392523364486
chr15	44086372	44092296	5924	5124	0.12	6	2.35	2	12065.44	SERINC4	1.68435512421753	0.0841121495327103
chr15	78384927	78396394	11467	10842	0.32	12.24	3.67	3	39822.88	SH2D7	2.94091130640278	0.510514018691589
chr15	84115980	84287494	171514	163864	0.04	23.96	6.07	5.6	994329.4	SH3GL3	7.28430437426284	0.842289719626168
chr15	49115934	49255642	139708	136283	0.04	26.24	5.34	4.92	728100.48	SHC4	5.67100615312719	0.759345794392523
chr15	45459412	45493374	33962	31512	0.04	38	4.24	3	133613	SHF	4.32474510438582	0.646028037383178
chr15	75661720	75748125	86405	72155	0.04	10.64	2.4	2	173126.8	SIN3A	1.96494740521816	0.132009345794393
chr15	68112042	68126175	14133	14083	0.52	47.4	18.03	16.84	253892.8	SKOR1	21.115502328676	0.995327102803738
chr15	48498498	48596276	97778	95503	0.08	22.04	5.91	5.28	564274	SLC12A1	6.45433078899966	0.810747663551402
chr15	34522197	34630266	108069	92244	0.04	14	2.59	2	238878.48	SLC12A6	2.21376457286898	0.260514018691589
chr15	65903743	65953257	49514	44539	0.04	11.64	3.03	2.56	134818	SLC24A1	2.5570925566677	0.434579439252336
chr15	48413169	48434590	21421	19571	0.04	14.04	3.21	2.84	62814.4	SLC24A5	2.61650351980672	0.448598130841121
chr15	50474393	50528590	54197	51322	0.04	23	4.65	4	238769.08	SLC27A2	5.16848409597828	0.714953271028037
chr15	85427892	85518877	90985	88035	0.04	44	5.98	5.08	526818.6	SLC28A1	6.68257760801597	0.817757009345794
chr15	45544428	45568133	23705	22405	0.12	11.8	3.38	3	75718.08	SLC28A2	3.48963406765601	0.58411214953271
chr15	45771811	45815003	43192	40767	0.04	32.48	4.39	3.88	179007	SLC30A4	5.28153305992388	0.723130841121495
chr15	65337708	65345735	8027	7567	0.08	12.2	3.64	3.12	27563.2	SLC51B	3.52335421193915	0.585280373831776
chr15	92396938	92715666	318728	310578	0.04	84	6.33	5.8	1966506.48	SLCO3A1	7.10071126035855	0.835280373831776
chr15	59171244	59225876	54632	46031	0.04	9.96	2.75	2.12	126689.88	SLTM	2.52284843778003	0.420560747663551
chr15	67358195	67487534	129339	118714	0.04	12.76	3.33	3	395894	SMAD3	2.36364053205226	0.344626168224299
chr15	66994674	67074338	79664	79064	0.08	38.68	7.75	6.92	612630.72	SMAD6	7.97956001302507	0.88785046728972
chr15	42787504	42825260	37756	32131	0.04	9.68	2.29	2	73504.72	SNAP23	2.05409955175998	0.168224299065421
chr15	66782666	66790147	7481	6809	0.08	12.68	2.81	2	19148	SNAPC5	2.28326401343153	0.309579439252336
chr15	83419316	83425959	6643	6268	0.08	11	3.07	2.72	19267.52	SNHG21	3.63661620927862	0.591121495327103
chr15	25232072	25232141	69	69	4.88	5	4.96	5	342	SNORD108	3.97674418604651	0.60981308411215
chr15	25287121	25287188	67	67	1	1	1	1	67	SNORD109A	1	0.0356308411214953
chr15	25287121	25287188	67	67	1	1	1	1	67	SNORD109B	1	0.0356308411214953
chr15	25440068	25440149	81	0	0	0	0	0	0	SNORD115-14	0	0.00408878504672897
chr15	25451409	25477616	26207	21832	0.04	6.92	2.05	2	44781	SNORD115-15	2.3966283114798	0.362733644859813
chr15	25451409	25477616	26207	21832	0.04	6.92	2.05	2	44781	SNORD115-21	2.3966283114798	0.362733644859813
chr15	25458806	25458877	71	71	1	1.16	1.04	1	74.04	SNORD115-24	0.902926829268293	0.0327102803738318
chr15	25463764	25463846	82	0	0	0	0	0	0	SNORD115-26	0	0.00408878504672897
chr15	25470350	25470432	82	0	0	0	0	0	0	SNORD115-30	0	0.00408878504672897
chr15	25472256	25472338	82	82	1	1.56	1.13	1	92.64	SNORD115-31	1.12975609756098	0.0467289719626168
chr15	25474114	25474196	82	82	0.16	1	0.78	1	64.36	SNORD115-32	0.784878048780488	0.0292056074766355
chr15	25483133	25483215	82	42	0.56	1	0.74	0.56	31	SNORD115-37	0.189024390243902	0.0128504672897196
chr15	25484985	25485067	82	82	1	1	1	1	82	SNORD115-38	1	0.0356308411214953
chr15	25486893	25486975	82	0	0	0	0	0	0	SNORD115-39	0	0.00408878504672897
chr15	25421979	25422061	82	82	0.32	1.88	0.94	1	77.4	SNORD115-4	0.500129232359783	0.0233644859813084
chr15	25490625	25490707	82	0	0	0	0	0	0	SNORD115-41	0	0.00408878504672897
chr15	25492492	25492574	82	82	1	3	1.45	1	119	SNORD115-42	1.45121951219512	0.0607476635514019
chr15	25509674	25509727	53	28	0.16	1	0.2	0.16	5.48	SNORD115-45	0.0524100994644223	0.00934579439252336
chr15	25511738	25511809	71	71	2.44	3.72	2.99	3	211.96	SNORD115-46	3.26092307692308	0.552570093457944
chr15	25513664	25513697	33	33	6.08	6.8	6.32	6.08	208.56	SNORD115-47	6.32	0.804906542056075
chr15	25427532	25427614	82	82	1	1.92	1.2	1	98.56	SNORD115-7	0.70099573257468	0.0280373831775701
chr15	25319260	25319364	104	104	1	1	1	1	104	SNORD116-10	1	0.0356308411214953
chr15	25321075	25321169	94	94	1.8	2.32	2.03	2	191	SNORD116-11	1.07690572846189	0.044392523364486
chr15	25322197	25322291	94	94	2	3	2.59	2.6	243	SNORD116-12	1.0684136475554	0.0432242990654206
chr15	25324204	25324298	94	94	2	3	2.52	2.84	236.52	SNORD116-13	2.51617021276596	0.417056074766355
chr15	25325288	25325382	94	44	0.12	1	0.41	0.12	18.08	SNORD116-14	0.192340425531915	0.014018691588785
chr15	25326433	25326527	94	94	2.44	3	2.8	2.88	262.8	SNORD116-15	2.79574468085106	0.488317757009346
chr15	25327914	25328008	94	94	3	3.92	3.51	3.76	330	SNORD116-16	4.70353477765108	0.671728971962617
chr15	25328734	25328828	94	69	0.6	1	0.77	0.76	53	SNORD116-17	0.269035532994924	0.018107476635514
chr15	25330531	25330625	94	94	3.76	4	3.94	4	370	SNORD116-18	1.85	0.114485981308411
chr15	25328734	25328828	94	69	0.6	1	0.77	0.76	53	SNORD116-19	0.269035532994924	0.018107476635514
chr15	25310172	25310270	98	98	0.24	2	1.74	2	170.72	SNORD116-2	1.00423529411765	0.0391355140186916
chr15	25333950	25334044	94	0	0	0	0	0	0	SNORD116-21	0	0.00408878504672897
chr15	25335069	25335163	94	94	2	3.52	2.73	3	257	SNORD116-22	2.53152088258471	0.425233644859813
chr15	25344645	25344743	98	98	2.04	4	3.27	3.16	320.16	SNORD116-26	3.00225056264066	0.519859813084112
chr15	25346721	25346815	94	94	2	3.32	2.5	2.72	234.88	SNORD116-27	1.01241379310345	0.0408878504672897
chr15	25351667	25351752	85	85	1.24	3	2.58	2.96	219.48	SNORD116-29	1.40584166026134	0.0560747663551402
chr15	25353415	25353500	85	85	2	3.04	2.89	3	246	SNORD116-30	1.83035714285714	0.107476635514019
chr15	25307479	25307576	97	71	0.6	2	1.51	2	107	SNORD116-5	0.382361349342481	0.0216121495327103
chr15	25310172	25310270	98	98	0.24	2	1.74	2	170.72	SNORD116-6	1.00423529411765	0.0391355140186916
chr15	25307479	25307576	97	71	0.6	2	1.51	2	107	SNORD116-7	0.382361349342481	0.0216121495327103
chr15	25315578	25315675	97	97	0.24	1.16	0.79	1	76.72	SNORD116-8	0.256760374832664	0.0151869158878505
chr15	66795149	66795249	100	100	5	7	6.26	6.5	625.84	SNORD16	1.37089284149654	0.0549065420560748
chr15	66794360	66794430	70	70	3.8	4.96	4.41	4.8	309	SNORD18B	3.35869565217391	0.567757009345794
chr15	66793590	66793657	67	67	0.24	2	1.68	2	112.68	SNORD18C	1.68179104477612	0.0829439252336449
chr15	101821715	101835488	13773	11635	0.04	9	2.92	2.84	33930	SNRPA1	2.29349736379613	0.315420560747664
chr15	25068784	25223871	155087	130346	0.04	37.76	2.37	2	309268	SNRPN	2.81434161434161	0.491822429906542
chr15	75890424	75918720	28296	21796	0.08	9.96	2.05	1.88	44639.96	SNUPN	1.97646131640234	0.136682242990654
chr15	25200040	25223871	23831	21496	0.04	10.08	2.55	2.04	54893	SNURF	2.73876166242578	0.474299065420561
chr15	64388083	64436434	48351	42534	0.04	11.92	2.79	2.36	118495.4	SNX1	2.55131243745274	0.433411214953271
chr15	64443916	64449681	5765	5290	0.36	7	2.23	2	11774	SNX22	2.6518018018018	0.454439252336449
chr15	75941348	75950969	9621	9621	0.36	11	4.84	4.72	46527.56	SNX33	4.64810789210789	0.664719626168224
chr15	45315302	45367288	51986	43661	0.04	9.76	2.54	2	110768	SORD	2.26360003302378	0.294392523364486
chr15	100884662	100890924	6262	6262	0.52	13.76	6.25	5.92	39146.56	SPATA41	5.16991019545695	0.716121495327103
chr15	45694519	45713617	19098	16448	0.04	11	2.51	2	41240	SPATA5L1	2.15038064448848	0.227803738317757
chr15	97326637	97328846	2209	2159	0.16	6	2.77	2.64	5975.68	SPATA8	4.84142982143436	0.679906542056075
chr15	97315235	97326568	11333	10033	0.08	7	2.85	2.6	28579.2	SPATA8-AS1	2.7841402825134	0.48481308411215
chr15	69222839	69239151	16312	16162	0.04	21.64	6.04	5.28	97550.52	SPESP1	7.12567713659606	0.836448598130841
chr15	44854894	44955877	100983	86708	0.04	10.64	2.45	2	212260.24	SPG11	2.22849514069761	0.269859813084112
chr15	65255362	65282285	26923	23198	0.04	8.64	2.28	2	52895.44	SPG21	2.54672315840154	0.43107476635514
chr15	41136246	41149854	13608	12358	0.04	11.36	3.04	2.42	37551	SPINT1	2.76150904544786	0.481308411214953
chr15	50999737	51057911	58174	44038	0.04	8	2.18	2	96112	SPPL2A	2.03556046532905	0.155373831775701
chr15	38545052	38649451	104399	97549	0.04	14.24	3.17	3	308995.24	SPRED1	3.074143922294	0.529205607476635
chr15	42140344	42186276	45932	45382	0.08	15	4.95	4.52	224598.88	SPTBN5	7.14266705846585	0.837616822429907
chr15	45923346	45983493	60147	50447	0.04	11.4	2.26	2	114089.76	SQRDL	2.13947717811199	0.220794392523364
chr15	40327891	40331404	3513	3063	0.12	6	2.47	2	7568	SRP14	2.12107623318386	0.205607476635514
chr15	40331512	40359711	28199	27124	0.04	10.48	3.28	3	89098.56	SRP14-AS1	2.21511914102706	0.26285046728972
chr15	80191182	80216097	24915	23115	0.04	10.44	3.12	2.92	72207	ST20	2.88721750395854	0.503504672897196
chr15	80215113	80217197	2084	1859	0.28	8.6	3.23	3.08	5996.44	ST20-AS1	1.72261993679977	0.0922897196261682
chr15	80135889	80215449	79560	73335	0.04	12.36	2.95	2.76	216689.88	ST20-MTHFS	2.5749513386332	0.440420560747664
chr15	92937140	93011959	74819	74544	0.12	20.4	7.48	7.16	557438.24	ST8SIA2	8.35075936662023	0.904205607476635
chr15	81605007	81616525	11518	10818	0.04	8.56	3.1	3	33559	STARD5	2.59383212243005	0.445093457943925
chr15	42867857	43013197	145340	122990	0.04	9	2.36	2	290661.36	STARD9	2.0079532982064	0.147196261682243
chr15	74275559	74286964	11405	10780	0.04	10.8	2.9	2.32	31209	STOML1	2.22670764910358	0.268691588785047
chr15	74471808	74502047	30239	29364	0.04	18.6	4.83	4.36	141736	STRA6	4.53018825710359	0.654205607476635
chr15	43891761	43910999	19238	19163	0.28	21.28	7.55	7.32	144635.88	STRC	8.16141140463336	0.896028037383178
chr15	91642818	91844540	201722	194447	0.04	33.12	6.8	6.08	1321556.16	SV2B	6.90173537191957	0.828271028037383
chr15	99645286	99675801	30515	30340	0.08	16.6	6.16	5.8	186836.16	SYNM	5.2820295351922	0.724299065420561
chr15	102193955	102264646	70691	60050	0.04	9	2.56	2.04	153735	TARSL2	2.39780082663963	0.364485981308411
chr15	74165927	74181557	15630	15505	0.24	19.76	7.01	6.16	108756.04	TBC1D21	9.25347060325023	0.935747663551402
chr15	78287327	78369995	82668	76568	0.04	12	2.73	2.32	209022	TBC1D2B	2.10992245589313	0.196261682242991
chr15	57210833	57583460	372627	338827	0.04	11.16	2.7	2.28	914002	TCF12	2.42909270662524	0.389018691588785
chr15	45248900	45271422	22522	20847	0.04	12	4.05	3.8	84369.36	TERB2	4.12767564648003	0.625
chr15	56657622	56738196	80574	70499	0.04	9	2.5	2.04	176288.44	TEX9	2.71087867138244	0.467289719626168
chr15	43524793	43559056	34263	32288	0.04	18.44	4.3	3.88	138826.68	TGM5	4.58364468392797	0.660046728971963
chr15	43568479	43594454	25975	24050	0.24	22.2	6.2	5.76	149228.88	TGM7	7.90826073131956	0.883177570093458
chr15	71173681	71184773	11092	10342	0.04	10.08	3.17	3	32810	THAP10	3.04955125774238	0.525700934579439
chr15	39873280	39891122	17842	17817	0.68	30.44	8.82	8.12	157137.08	THBS1	8.46917537997197	0.906542056074766
chr15	71433788	72075723	641935	621285	0.04	24.92	6.75	6.2	4192075.8	THSD4	7.29707890262552	0.843457943925234
chr15	71459151	71481399	22248	16598	0.04	16.96	5.68	5.26	94241.64	THSD4-AS1	6.73154571428571	0.821261682242991
chr15	71981040	71983879	2839	2839	1.32	16.52	10.34	10.68	29365.96	THSD4-AS2	8.27443223443223	0.90303738317757
chr15	90118818	90171254	52436	46579	0.04	8.44	2.45	2	114133.96	TICRR	2.39034011895786	0.35981308411215
chr15	66629008	66649055	20047	14317	0.04	10	2.03	2	29008.76	TIPIN	1.48833090483715	0.0630841121495327
chr15	29991571	30261003	269432	255232	0.04	34.72	4.26	3.84	1086447.64	TJP1	5.06266374650512	0.704439252336449
chr15	70340130	70390257	50127	44177	0.04	10.52	2.61	2	115180	TLE3	2.16734345186796	0.235981308411215
chr15	62939510	63136830	197320	192895	0.04	22.6	5.94	5.6	1145478	TLN2	6.01240821125452	0.783878504672897
chr15	102173180	102192595	19415	17470	0.04	8.64	2.83	2.4	49393.2	TM2D3	2.32165452408931	0.331775700934579
chr15	83776324	83806112	29788	26763	0.08	10	3.02	2.88	80797	TM6SF1	2.41298593009726	0.375
chr15	81624760	81666419	41659	41034	0.04	18.8	5.34	5	219068.44	TMC3	6.01225238082169	0.782710280373832
chr15	81616674	81735418	118744	116969	0.04	19.48	5.91	5.36	690840.68	TMC3-AS1	6.23333646124695	0.800233644859813
chr15	38226808	38243624	16816	16666	0.04	14.2	4.61	4	76817.92	TMCO5A	5.29324634589359	0.728971962616822
chr15	33528677	33539757	11080	11055	0.68	16.2	6.96	6.72	76937.64	TMCO5B	8.91720445062587	0.922897196261682
chr15	79603404	79677062	73658	64937	0.04	10	2.54	2.04	164941.32	TMED3	2.08338158393331	0.188084112149533
chr15	72690668	72700709	10041	10041	0.08	28.6	8.79	8.72	88278.56	TMEM202	8.60414814814815	0.912383177570093
chr15	76352299	76497305	145006	137626	0.04	24.52	6.03	5.28	829573.76	TMEM266	6.11947035695581	0.789719626168224
chr15	43425722	43477342	51620	43295	0.04	10.88	2.36	2	102217	TMEM62	2.1803911764731	0.240654205607477
chr15	42502650	42565783	63133	54325	0.04	7.72	2.31	2	125611	TMEM87A	2.13944338465731	0.219626168224299
chr15	52043758	52108559	64801	56359	0.04	16.24	3.05	2.6	171891	TMOD2	2.71372791961261	0.468457943925234
chr15	52121825	52204332	82507	71707	0.04	10	2.52	2	180633	TMOD3	2.1393173058338	0.218457943925234
chr15	51348799	51397474	48675	47175	0.04	37.16	7.8	6	367935.56	TNFAIP8L3	7.36387769659193	0.849299065420561
chr15	43699412	43802708	103296	87721	0.04	13.68	2.66	2	233054.36	TP53BP1	2.48215353810761	0.405373831775701
chr15	63334838	63364114	29276	28551	0.04	36.76	6.9	5.04	197072.48	TPM1	6.19335260842238	0.795560747663551
chr15	45028560	45060028	31468	26743	0.04	12.08	3.23	2.96	86294	TRIM69	2.8005711874858	0.490654205607477
chr15	64680003	64747503	67500	54625	0.04	10.72	2.28	2	124782.68	TRIP4	2.07416639517024	0.184579439252336
chr15	31293264	31453477	160213	153538	0.04	16.96	4.29	4	657974.24	TRPM1	4.04566840747895	0.617990654205608
chr15	50849356	50979013	129657	106894	0.04	11.6	2.33	2	248949	TRPM7	2.11863267263841	0.204439252336449
chr15	77336360	77363571	27211	25161	0.04	13	2.95	2.72	74115.84	TSPAN3	2.05806444446913	0.169392523364486
chr15	43036542	43213008	176466	148758	0.04	23.68	2.41	2	358418	TTBK2	2.31802718888645	0.329439252336449
chr15	99676528	99791432	114904	102879	0.04	18.64	2.63	2.08	271017.68	TTC23	2.25142395352168	0.287383177570093
chr15	90792764	90802321	9557	9457	0.16	21.72	7.87	7.32	74470	TTLL13P	8.544056906838	0.908878504672897
chr15	43663257	43699297	36040	29740	0.04	9	2.21	2	65849.48	TUBGCP4	1.65069387345834	0.0747663551401869
chr15	22833395	22873892	40497	33397	0.04	9	2.29	2	76628.8	TUBGCP5	2.26833224794269	0.295560747663551
chr15	41851220	41871537	20317	20067	0.12	37.24	7.24	6.2	145314.16	TYRO3	7.34095276584996	0.84696261682243
chr15	76551630	76552494	864	814	0.36	9	3.47	3	2823.72	TYRO3P	1.90977708040255	0.120327102803738
chr15	70946893	71055851	108958	97833	0.04	25.92	4.77	4.2	466814	UACA	4.66212585764364	0.667056074766355
chr15	65385342	65398698	13356	9231	0.12	5.84	2.04	2	18828.56	UBAP1L	1.54814668640026	0.0689252336448598
chr15	76135627	76193389	57762	52187	0.04	10.72	2.71	2.16	141559.48	UBE2Q2	2.23072627142094	0.273364485981308
chr15	84841242	84850986	9744	9394	0.04	11.56	4.13	3.76	38816.2	UBE2Q2L	5.28687006265323	0.725467289719626
chr15	85070427	85114027	43600	41700	0.04	11.96	3.49	3	145608.44	UBE2Q2P1	4.13578095265146	0.627336448598131
chr15	83023841	83084342	60501	49659	0.04	13.28	2.63	2	130610.92	UBE2Q2P2	3.55666331180997	0.588785046728972
chr15	25582396	25684176	101780	92675	0.04	10	2.84	2.48	263440	UBE3A	2.84242454584219	0.494158878504673
chr15	74738318	74753530	15212	13962	0.04	9.32	2.83	3	39579.04	UBL7	2.43548934955227	0.391355140186916
chr15	74753606	74773634	20028	16353	0.08	7.88	2.52	2	41237.76	UBL7-AS1	2.14018895303577	0.22196261682243
chr15	43235098	43398287	163189	134314	0.04	11.2	2.23	2	299015	UBR1	2.06227140282044	0.171728971962617
chr15	75128457	75135553	7096	6468	0.2	5.96	2.07	2	13357.16	ULK3	2.4066954954955	0.370327102803738
chr15	32698812	32727251	28439	27389	0.12	15.56	3.97	3.72	108784.8	ULK4P1	7.43268652637333	0.856892523364486
chr15	32698812	32727251	28439	27389	0.12	15.56	3.97	3.72	108784.8	ULK4P2	7.43268652637333	0.856892523364486
chr15	32698801	32727066	28265	27215	0.12	15.56	3.97	3.72	108179.48	ULK4P3	7.41819104436673	0.853971962616822
chr15	54305101	54920807	615706	548181	0.04	17	2.66	2.16	1458112.48	UNC13C	3.17807383652238	0.54088785046729
chr15	91473410	91497324	23914	19989	0.04	7.48	2.25	2	45016.12	UNC45A	2.12893309598712	0.211448598130841
chr15	63796710	63886840	90130	81040	0.04	12.84	2.69	2.08	218116	USP3	2.19024953557263	0.245327102803738
chr15	63879909	63893027	13118	12666	0.2	8.96	3.16	3	40012	USP3-AS1	2.23643172544855	0.276869158878505
chr15	50792759	50838903	46144	41544	0.04	13	3.22	3	133926.72	USP50	3.47502374169041	0.582943925233645
chr15	50716574	50793281	76707	66307	0.04	8.6	2.37	2	156900	USP8	2.07361395625454	0.183411214953271
chr15	101811114	101817726	6612	5937	0.2	15	3.52	2.72	20870	VIMP	2.30949693468783	0.323598130841121
chr15	62144590	62352665	208075	171435	0.04	9.96	2.45	2	419408.2	VPS13C	2.19751121264199	0.247663551401869
chr15	41186628	41196174	9546	8049	0.12	8	2.62	2	21126.68	VPS18	2.46092880007082	0.399532710280374
chr15	91541646	91565852	24206	19306	0.04	9	2.37	2	45831.8	VPS33B	2.0341662598198	0.154205607476636
chr15	42450899	42500525	49626	44001	0.04	10.36	2.51	2.04	110379	VPS39	2.31412218541658	0.325934579439252
chr15	65871096	65903628	32532	28154	0.08	8	2.43	2	68469	VWA9	1.9565299390315	0.129672897196262
chr15	102501016	102516809	15793	15393	0.04	18.28	3.48	3	53542.52	WASH3P	2.48560976742027	0.407710280373832
chr15	78575578	78592069	16491	15666	0.04	7.92	2.77	2.6	43390.36	WDR61	2.11299537375213	0.198598130841121
chr15	53805938	54055076	249138	232013	0.04	18.2	3.97	3.6	920321.04	WDR72	4.81301697042596	0.678738317757009
chr15	85184726	85197575	12849	11049	0.04	8.64	2.68	2	29644.6	WDR73	2.35948742438714	0.343457943925234
chr15	44119112	44160618	41506	33756	0.04	14	2.19	2	74018.72	WDR76	2.16270913075237	0.230140186915888
chr15	90234028	90286870	52842	51192	0.04	22.48	6.51	6	333267.4	WDR93	7.6028666044325	0.871495327102804
chr15	83478380	83503614	25234	22584	0.04	10.28	3.22	3	72817	WHAMM	2.72604003348353	0.470794392523364
chr15	32812049	32825943	13894	12119	0.04	14.04	3.74	3	45355	WHAMMP1	4.59105172588319	0.661214953271028
chr15	28982729	29003509	20780	19655	0.08	15.48	4.8	4	94374.16	WHAMMP2	4.68966956604704	0.669392523364486
chr15	23187729	23208358	20629	19104	0.08	15.4	4.36	3.84	83370.48	WHAMMP3	5.30177933227345	0.730140186915888
chr15	80351910	80430736	78826	71976	0.04	9.72	2.78	2.48	200113.8	ZFAND6	2.25084696195982	0.285046728971963
chr15	41099274	41106768	7494	6476	0.08	7.64	2.31	2	14969	ZFYVE19	2.12451602647804	0.207943925233645
chr15	42704635	42783396	78761	66611	0.04	8.52	2.37	2	158116.24	ZNF106	2.12230866285469	0.206775700934579
chr15	56922374	57026285	103911	92786	0.04	10.52	2.57	2	238106.8	ZNF280D	2.4379901950746	0.393691588785047
chr15	85291818	85349664	57846	50571	0.04	33	2.49	2	125852.6	ZNF592	2.51957157157157	0.419392523364486
chr15	64791619	64978267	186648	158881	0.04	15	2.48	2	394574	ZNF609	2.20231855907749	0.253504672897196
chr15	90544723	90625433	80710	68910	0.04	10.2	2.52	2	173768.52	ZNF710	2.07611225940573	0.185747663551402
chr15	35270542	35280498	9956	9273	0.32	9.52	3.38	3	31343.84	ZNF770	3.08047567567568	0.531542056074766
chr15	90895477	90904716	9239	7591	0.04	9.04	2.39	2	18114.32	ZNF774	2.39532632670225	0.360981308411215
chr15	85144249	85166948	22699	21173	0.04	10.56	2.98	2.76	63185.56	ZSCAN2	3.13342722539053	0.538551401869159
chr15	43650370	43662259	11889	10809	0.04	7.12	2.91	2.88	31426	ZSCAN29	2.26853389157583	0.296728971962617
chr15	66797421	66841823	44402	36227	0.08	8.52	2.17	2	78527.28	ZWILCH	2.05827427133571	0.170560747663551
