chrom	start	end	size	num_data	min	max	mean	median	sum	name	norm_sum	percentile
chr15	67493013	67547537	54524	52111	0.04	18.6	5.02	4.04	261384.72	AAGAB	4.37442588579771	0.699766355140187
chr15	80987652	81047963	60311	53561	0.04	10	2.6	2	139326.68	ABHD17C	2.30311067030333	0.536214953271028
chr15	89631381	89745592	114211	110661	0.04	16.52	5.04	4.52	557844.24	ABHD2	4.10288193933688	0.676401869158878
chr15	89346674	89418586	71912	39925	0.04	5	1.46	1	58401	ACAN	0.912415829518646	0.172897196261682
chr15	78463187	78527050	63863	41463	0.04	29.28	2.32	1.04	96144.08	ACSBG1	1.6107752167602	0.463785046728972
chr15	35080297	35087928	7631	4281	0.04	4.44	1.4	1	5985	ACTC1	0.815061963775024	0.106308411214953
chr15	83394650	83408533	13883	11959	0.04	13	2.97	2.28	35539.92	ACTG1P17	2.95329233837461	0.593457943925234
chr15	43622554	43646754	24200	22975	0.04	19	5.45	5	125279.2	ADAL	4.62137532535752	0.726635514018692
chr15	58887403	59042178	154775	150100	0.04	20.8	5.38	5	806993	ADAM10	5.00246592094771	0.760514018691589
chr15	100511643	100882211	370568	208037	0.04	7.64	1.42	1	296139	ADAMTS17	0.967233364862534	0.216121495327103
chr15	79051545	79103806	52261	27579	0.04	6.52	1.36	1	37481	ADAMTS7	0.929869653020011	0.188084112149533
chr15	82882946	82924243	41297	16919	0.04	3	1.19	1	20064	ADAMTS7P1	1.03561474140601	0.285046728971963
chr15	84322838	84708594	385756	252720	0.04	9.32	1.73	1.24	436724	ADAMTSL3	1.1809255979341	0.373831775700935
chr15	73043708	73076127	32419	31966	0.08	21.16	8.67	8.48	277186	ADPGK	9.04579649454418	0.983644859813084
chr15	73075176	73090541	15365	9298	0.04	5.8	1.7	1.68	15845.4	ADPGK-AS1	1.05858443876733	0.300233644859813
chr15	89164527	89175513	10986	10514	0.2	23.88	9.45	9.48	99373.16	AEN	8.86943591574438	0.981308411214953
chr15	86623039	87572284	949245	538195	0.04	10	1.46	1	787368	AGBL1	1.04719835258923	0.292056074766355
chr15	86840065	86860200	20135	11609	0.04	5	1.35	1	15641	AGBL1-AS1	1.02375965440503	0.269859813084112
chr15	85923847	86292590	368743	352041	0.04	32.2	5.59	4.72	1968347.24	AKAP13	4.76779794691432	0.742990654205608
chr15	58245622	58358122	112500	67152	0.04	8	1.48	1	99254	ALDH1A2	1.03339076359762	0.280373831775701
chr15	101419897	101456831	36934	23482	0.04	11.8	1.77	1.16	41596.56	ALDH1A3	1.13448463955315	0.348130841121495
chr15	85359911	85416714	56803	31600	0.04	5.76	1.44	1	45360	ALPK3	0.876577298039373	0.143691588785047
chr15	65204101	65251042	46941	37366	0.04	20.64	2.68	2	100135.2	ANKDD1A	2.23845844324228	0.52803738317757
chr15	79575146	79590582	15436	8075	0.08	5.68	1.52	1	12285	ANKRD34C	0.897370343316289	0.161214953271028
chr15	79484049	79576288	92239	51550	0.04	7	1.48	1	76545	ANKRD34C-AS1	0.880708294501398	0.146028037383178
chr15	40570573	40574788	4215	2501	0.08	3.16	1.39	1	3464	ANKRD63	0.948978697291137	0.202102803738318
chr15	69070875	69113262	42387	40737	0.04	28.32	7.44	7	303262.96	ANP32A	6.69085405405405	0.894859813084112
chr15	69096160	69099441	3281	3281	1	14.4	6.72	6.6	22058.32	ANP32A-IT1	5.39893481623622	0.795560747663551
chr15	35529527	35530265	738	588	0.08	3	1.97	2	1159.16	ANP32AP1	2.08857657657658	0.519859813084112
chr15	90328126	90358073	29947	15100	0.04	5	1.3	1	19656	ANPEP	0.842943819183919	0.122663551401869
chr15	60639350	60690186	50836	48186	0.04	20.52	6.82	6.32	328792.92	ANXA2	6.12596735728126	0.857476635514019
chr15	83328033	83378661	50628	26666	0.04	4	1.24	1	33176	AP3B2	0.906819734864015	0.169392523364486
chr15	90373831	90437618	63787	57912	0.04	19.96	4.99	4.48	288987	AP3S2	5.34340206231316	0.789719626168224
chr15	51200869	51298098	97229	93149	0.04	23.52	5.29	4.96	492852	AP4E1	5.3324948812152	0.787383177570093
chr15	29213840	29410517	196677	105009	0.04	5.84	1.4	1	146820	APBA2	0.893424367446785	0.156542056074766
chr15	63569749	63601326	31577	29352	0.04	13.48	3.47	3	101950	APH1B	2.87803781902605	0.586448598130841
chr15	58430368	58478111	47743	27168	0.04	5.84	1.44	1	39030.24	AQP9	0.778502842325721	0.0864485981308411
chr15	35148552	35261996	113444	110994	0.04	23.88	6.03	5.48	668812.72	AQR	6.9382511541055	0.908878504672897
chr15	32907345	32932151	24806	23902	0.04	22.04	7.43	7	177681.76	ARHGAP11A	6.94015155066011	0.911214953271028
chr15	30918879	30931014	12135	12035	0.12	25.04	7.43	6.6	89399.6	ARHGAP11B	6.80569427527406	0.90303738317757
chr15	74833518	74890473	56955	56224	0.24	26.8	8.91	8.84	500918.4	ARID3B	8.55885108863767	0.975467289719626
chr15	72766667	72878897	112230	109223	0.04	21.76	5.32	4.64	580649	ARIH1	5.53181334039598	0.80607476635514
chr15	80696692	80890278	193586	117804	0.04	7	1.5	1	176140.2	ARNT2	0.948060713709026	0.200934579439252
chr15	90439764	90456223	16459	9784	0.04	5	1.57	1	15356.52	ARPIN	0.987923500923815	0.242990654205607
chr15	52839242	52861644	22402	21552	0.04	22.36	6.55	6	141253.2	ARPP19	5.45568730446873	0.799065420560748
chr15	98503933	98517069	13136	7295	0.04	5	1.5	1.08	10975.6	ARRDC4	0.923638811747875	0.183411214953271
chr15	101142755	101191905	49150	47531	0.08	20.2	5.78	5	274814.28	ASB7	5.53770765324628	0.808411214953271
chr15	93338714	93340339	1625	1115	0.04	4	1.9	1.52	2115	ASB9P1	0.859183308688517	0.130841121495327
chr15	25923860	26108350	184490	110439	0.04	6	1.49	1	164685	ATP10A	1.11369215475442	0.339953271028037
chr15	50150435	50411420	260985	152164	0.04	7	1.43	1	216928	ATP8B4	0.986623853294462	0.240654205607477
chr15	34158428	34331304	172876	132821	0.04	14.48	2.12	2	281586.56	AVEN	1.90347926109032	0.496495327102804
chr15	45003685	45010358	6673	6473	0.12	32.6	13.44	12.24	86986.6	B2M	10.3909758987787	0.994158878504673
chr15	40731920	40760442	28522	25593	0.04	16.52	4.26	3.64	108926.32	BAHD1	4.07698054451406	0.674065420560748
chr15	72978520	73030818	52298	45019	0.04	20.68	3.58	2.52	161007.6	BBS4	3.07042341619398	0.606308411214953
chr15	80253232	80263644	10412	10287	0.2	14.92	4.17	3.68	42852.64	BCL2A1	2.98188295873634	0.59696261682243
chr15	52401466	52404973	3507	2508	0.24	5	2.07	2	5197.32	BCL2L10	1.17025128343691	0.369158878504673
chr15	91260558	91358693	98135	96019	0.04	21.28	6.05	5.52	581320.56	BLM	5.6072404440106	0.814252336448598
chr15	45879321	45901915	22594	19794	0.04	19.92	4.83	4.68	95596.32	BLOC1S6	4.63873355757977	0.730140186915888
chr15	40380091	40401086	20995	20270	0.12	15.96	6.12	5.72	124135.08	BMF	3.7563464618014	0.651869158878505
chr15	83924655	83953469	28814	18950	0.04	5	1.64	1.48	30996	BNC1	1.06717163022896	0.307242990654206
chr15	59951345	59981734	30389	30039	0.08	18.4	7.12	6.68	214019	BNIP2	6.74968462217737	0.899532710280374
chr15	83685181	83736107	50926	49926	0.04	21.76	7.1	6.72	354612.8	BTBD1	7.51696449390567	0.941588785046729
chr15	40453210	40513338	60128	59503	0.2	26.68	7.53	6.88	447977.84	BUB1B	7.898497871179	0.956775700934579
chr15	40509629	40569689	60060	41320	0.04	26.68	4.26	2	175975.6	BUB1B-PAK6	3.16033374878328	0.615654205607477
chr15	93014907	93044348	29441	15441	0.04	4.48	1.4	1	21599	C15orf32	0.807892276042641	0.102803738317757
chr15	90373831	90456223	82392	69167	0.04	19.96	4.43	3.92	306099.52	C15orf38-AP3S2	4.31101797081855	0.690420560747664
chr15	75494221	75504511	10290	9962	0.32	26.08	10.63	10.84	105912.68	C15orf39	10.8606111566858	0.996495327102804
chr15	83657715	83680394	22679	19504	0.08	17.44	4.26	3	83038.76	C15orf40	4.60456692913386	0.723130841121495
chr15	36871804	37102462	230658	198988	0.04	12.4	2.78	2.36	553708.96	C15orf41	2.55908379165319	0.56892523364486
chr15	45722727	45725648	2921	2074	0.12	4.72	1.66	1.08	3438.28	C15orf48	1.41434800493624	0.429906542056075
chr15	40623653	40633169	9516	4320	0.08	3.84	1.43	1	6196.4	C15orf52	0.820823950192078	0.108644859813084
chr15	38988799	38992240	3441	3091	0.04	6.6	1.89	1.6	5835	C15orf53	1.0327068068387	0.279205607476636
chr15	39542870	39547044	4174	2474	0.04	3	1.16	1	2875.8	C15orf54	0.457376423436605	0.022196261682243
chr15	40542866	40545111	2245	795	0.16	2	1.01	1	806	C15orf56	0.726126126126126	0.0642523364485981
chr15	40823540	40857257	33717	31684	0.04	20.32	5.09	4.28	161197	C15orf57	3.94539491396823	0.664719626168224
chr15	74027772	74044712	16940	8777	0.04	4	1.39	1	12207.2	C15orf59	0.777106945784835	0.0852803738317757
chr15	74060427	74062144	1717	800	0.04	3	1.18	1	945	C15orf59-AS1	0.543415756181714	0.0303738317757009
chr15	67813522	67819642	6120	4543	0.16	7.76	2.94	2.72	13353	C15orf61	2.48012630014859	0.560747663551402
chr15	41062159	41064649	2490	2490	1.08	11	4.91	4.52	12224.2	C15orf62	5.96197740884528	0.844626168224299
chr15	55700723	55710911	10188	5700	0.04	3	1.33	1	7560	C15orf65	1.21780704523928	0.385514018691589
chr15	62359176	62363117	3941	2468	0.04	5	1.39	1	3418.6	C2CD4A	1.05035148952905	0.294392523364486
chr15	62455737	62457483	1746	459	0.04	2	1.17	1	538	C2CD4B	0.390704429920116	0.0175233644859813
chr15	63613577	63674366	60789	35639	0.04	6	1.45	1	51538	CA12	0.839123083976784	0.121495327102804
chr15	68483043	68498449	15406	15106	0.16	26.96	5.91	5.08	89240.32	CALML4	5.66320428076802	0.81892523364486
chr15	42651698	42704516	52818	45668	0.04	10	2.69	2.08	123007.8	CAPN3	2.3516112677478	0.547897196261682
chr15	44580909	44707960	127051	115036	0.04	14.96	3.53	3	405981.6	CASC4	3.86893069725865	0.662383177570093
chr15	43922760	43941044	18284	14634	0.04	7.44	2.14	2	31325	CATSPER2	1.56077169136331	0.450934579439252
chr15	44028146	44038497	10351	9003	0.04	8	2.18	2	19658.28	CATSPER2P1	2.31301094246382	0.538551401869159
chr15	74528630	74628483	99853	59534	0.04	6	1.4	1	83492	CCDC33	0.881461148648649	0.147196261682243
chr15	59397284	59417245	19961	19471	0.12	23.6	8.4	7.88	163612	CCNB2	8.41748485889914	0.974299065420561
chr15	43477466	43489376	11910	11560	0.12	18.88	6.46	6.12	74685.56	CCNDBP1	5.39129141702158	0.794392523364486
chr15	55647421	55700709	53288	48603	0.04	16.68	3.7	3	179853	CCPG1	3.7681332495286	0.654205607476635
chr15	73976622	74006860	30238	19361	0.04	7	1.63	1.12	31476.96	CD276	1.03839804704252	0.287383177570093
chr15	43015760	43029418	13658	12889	0.04	18	7.27	7.08	93722.04	CDAN1	6.91777679362267	0.906542056074766
chr15	72577068	72612526	35458	24431	0.04	6	1.59	1.2	38942.88	CELF6	1.15215621301775	0.357476635514019
chr15	81071684	81244004	172320	113330	0.04	11.6	1.8	1	203917.8	CEMIP	1.22167184888298	0.38785046728972
chr15	49030135	49103344	73209	72264	0.08	21.48	5.68	5	410219	CEP152	5.94261915109373	0.841121495327103
chr15	100940600	101084926	144326	75499	0.04	6.56	1.45	1	109636.32	CERS3	0.96024804028903	0.20911214953271
chr15	100913144	100978120	64976	30775	0.04	5.8	1.56	1	48006	CERS3-AS1	1.08121621621622	0.316588785046729
chr15	81426644	81441517	14873	7805	0.04	6.92	1.52	1	11861.6	CFAP161	0.736974215594905	0.066588785046729
chr15	57668703	57842926	174223	105827	0.04	7	1.48	1	156753	CGNL1	0.951806424190904	0.204439252336449
chr15	41245636	41248718	3082	2682	0.04	6	1.97	1.8	5279.28	CHAC1	2.19512681912682	0.523364485981308
chr15	93443551	93571238	127687	127289	0.12	28.52	10.6	10.08	1348697.56	CHD2	9.48284450694322	0.98714953271028
chr15	20487997	20496812	8815	7863	0.04	5.52	1.9	1.92	14944	CHEK2P2	1.45809347253391	0.435747663551402
chr15	41523437	41574084	50647	47935	0.04	16.4	3.77	3	180643.8	CHP1	3.95624308482354	0.667056074766355
chr15	30653443	30685865	32422	14900	0.04	4	1.31	1	19467	CHRFAM7A	0.992707802141764	0.246495327102804
chr15	34260515	34357296	96781	74056	0.04	10.96	2.2	2	163090	CHRM5	1.93940965078972	0.504672897196262
chr15	78885395	78913638	28243	18479	0.04	9.4	2.17	1.88	40034	CHRNA3	1.78277520484503	0.485981308411215
chr15	78857862	78887612	29750	25725	0.04	11	2.81	2.04	72198	CHRNA5	2.46704254228601	0.559579439252336
chr15	32322686	32462385	139699	76600	0.04	7	1.48	1	113022	CHRNA7	1.04473942060602	0.29088785046729
chr15	78916636	78933588	16952	9113	0.04	5	1.34	1	12221	CHRNB4	0.800851900393185	0.0981308411214953
chr15	40763160	40765358	2198	1484	0.16	8	3.42	3.4	5072	CHST14	2.65917288818052	0.573598130841122
chr15	101715928	101792138	76210	73196	0.04	22.28	5.49	5	401697	CHSY1	4.43457381627899	0.704439252336449
chr15	90773477	90808992	35515	25815	0.04	18.6	2.73	2	70432.04	CIB1	1.87484600780901	0.492990654205608
chr15	78396948	78423878	26930	18926	0.08	6	1.63	1.28	30794.8	CIB2	0.985894209774807	0.238317757009346
chr15	65488337	65503841	15504	8167	0.04	4	1.42	1	11634	CILP	0.832479434881418	0.119158878504673
chr15	43984984	43991421	6437	3912	0.04	3.28	1.42	1	5555	CKMT1A	0.744837758112094	0.0689252336448598
chr15	43885055	43891605	6550	4250	0.12	3.2	1.44	1	6103	CKMT1B	1.14160119715675	0.350467289719626
chr15	74900713	74922543	21830	19519	0.04	21.96	8.38	8.76	163607.28	CLK3	6.69972481572482	0.897196261682243
chr15	68499330	68522081	22751	21019	0.08	13	4.64	4.48	97563.56	CLN6	4.81771566836206	0.748831775700935
chr15	65440558	65477759	37201	35976	0.12	19.96	5.98	5.36	215001.2	CLPX	6.93400157384832	0.907710280373832
chr15	75628337	75634269	5932	5095	0.04	11.48	3.59	3	18311.6	COMMD4	4.48154674498287	0.710280373831776
chr15	49417471	49447855	30384	29678	0.08	25.52	6.64	6	197158.2	COPS2	5.97666424154238	0.845794392523365
chr15	68810712	69020145	209433	114821	0.04	5.56	1.37	1	157558	CORO2B	0.913803503073889	0.175233644859813
chr15	75212617	75230496	17879	17182	0.04	25.24	6.8	6	116878.12	COX5A	7.09499481585983	0.924065420560748
chr15	83211951	83316768	104817	71519	0.04	6.88	1.62	1.04	116029	CPEB1	1.33160405789836	0.417056074766355
chr15	83316521	83361573	45052	26349	0.04	5	1.36	1	35855.08	CPEB1-AS1	1.01471855101174	0.260514018691589
chr15	75118951	75124137	5186	2563	0.12	3	1.24	1	3177	CPLX3	0.780589680589681	0.0876168224299065
chr15	78632666	78640573	7907	4125	0.04	5.04	1.33	1	5481	CRABP1	0.763583170799666	0.080607476635514
chr15	92006569	92038081	31512	18850	0.04	5	1.46	1	27594	CRAT37	0.906504599211564	0.167056074766355
chr15	91073118	91188578	115460	111860	0.08	24.04	5.61	5	627002.36	CRTC3	4.79377927290799	0.746495327102804
chr15	91163241	91260372	97131	84081	0.04	24.04	3.81	2.96	320203.4	CRTC3-AS1	3.15378114842904	0.613317757009346
chr15	75074425	75095540	21115	20466	0.04	19.76	7.94	7.6	162448.12	CSK	6.0979024024024	0.853971962616822
chr15	37091301	37110708	19407	16973	0.08	11.68	2.87	2.4	48635.04	CSNK1A1P1	2.55201842006393	0.566588785046729
chr15	64457716	64648459	190743	176033	0.04	23.2	4.15	3.68	731257.48	CSNK1G1	4.31654632602947	0.692757009345794
chr15	75966663	76005190	38527	20716	0.04	5	1.4	1	29059	CSPG4	0.912972446511043	0.174065420560748
chr15	71402583	71407840	5257	3291	0.12	6	1.87	1.68	6163	CT62	0.844431656253425	0.123831775700935
chr15	44719579	44819430	99851	96231	0.04	17.36	5.25	4.92	504745.72	CTDSPL2	6.07585670606929	0.852803738317757
chr15	79214092	79237441	23349	23124	0.08	27.08	9.38	9.16	216975.16	CTSH	7.61583573183573	0.947429906542056
chr15	48483867	48495952	12085	7182	0.04	4	1.39	1	10018.12	CTXN2	0.8985666875953	0.164719626168224
chr15	22014420	22016879	2459	1654	0.04	4	1.41	1	2330	CXADRP2	1.14496314496314	0.353971962616822
chr15	22892170	23003604	111434	104305	0.04	19.08	4.76	4.08	496910	CYFIP1	4.92601900816222	0.754672897196262
chr15	74630103	74660082	29979	16529	0.04	7.88	1.42	1	23529.4	CYP11A1	1.12534339870982	0.344626168224299
chr15	51500254	51630796	130542	82150	0.04	7.6	1.6	1	131544	CYP19A1	1.03380959117273	0.281542056074766
chr15	75011883	75017952	6069	3275	0.04	5.76	1.67	1.08	5481	CYP1A1	0.798630336587498	0.0969626168224299
chr15	75041184	75048942	7758	4533	0.04	3	1.27	1	5749.4	CYP1A2	0.803774640011184	0.101635514018692
chr15	64199235	64338522	139287	128789	0.04	15	3.75	3.24	482515.4	DAPK2	3.05103700331335	0.603971962616822
chr15	51236326	51238763	2437	2437	0.16	10.48	5.13	5.04	12491.16	DCAF13P3	5.87266572637518	0.832943925233645
chr15	102516761	102519297	2536	2536	0.84	8.12	3.37	3	8551.68	DDX11L9	2.54583993236243	0.565420560747664
chr15	65951461	66084632	133171	129938	0.04	30.24	6.24	5.64	811031.8	DENND4A	5.53447110136706	0.807242990654206
chr15	89045155	89089935	44780	37594	0.04	13.28	2.95	2.6	110816.68	DET1	2.60738994376603	0.572429906542056
chr15	66585595	66626237	40642	39092	0.04	18.96	5.85	5.12	228520	DIS3L	5.51660872923909	0.804906542056075
chr15	40650436	40663258	12822	7859	0.04	3.8	1.4	1	10979	DISP2	0.821904476718072	0.11214953271028
chr15	30488239	30506744	18505	8255	0.04	4	1.19	1	9825.4	DKFZP434L187	0.785089892129445	0.0899532710280374
chr15	41221531	41231259	9728	5410	0.04	3	1.23	1	6655	DLL4	0.758577453550667	0.0782710280373832
chr15	51739921	51914968	175047	148553	0.04	14.76	2.86	2.28	424795	DMXL2	2.6057730575598	0.571261682242991
chr15	78556487	78574539	18052	15765	0.04	14.92	3.72	3	58618.4	DNAJA4	2.77103672314782	0.579439252336449
chr15	41060067	41099677	39610	37457	0.04	15.36	4.49	4	168261.96	DNAJC17	4.81467081151982	0.747663551401869
chr15	76020011	76032419	12408	7758	0.04	5	1.47	1	11410.4	DNM1P35	0.922574385510996	0.18107476635514
chr15	85045806	85050250	4444	1869	0.08	2	1.12	1	2098	DNM1P41	1.21131639722864	0.383177570093458
chr15	100330361	100347133	16772	11488	0.04	6.12	1.71	1.12	19659.64	DNM1P46	1.93215135135135	0.502336448598131
chr15	35663170	35838405	175235	140135	0.04	11.4	2.32	2	324598.48	DPH6	2.10782339915713	0.521028037383178
chr15	35838396	36151203	312807	196807	0.04	11.12	1.6	1	315222	DPH6-AS1	1.16405277754185	0.365654205607477
chr15	65734801	65810052	75251	74148	0.04	22.6	6.48	6	480507.48	DPP8	7.99566493610224	0.960280373831776
chr15	69854059	69863780	9721	5425	0.12	3	1.36	1	7371	DRAIC	1.05787225736822	0.297897196261682
chr15	49913226	49937334	24108	23233	0.04	18.08	4.34	4	100884	DTWD1	4.48840925835626	0.711448598130841
chr15	45422192	45457777	35585	22178	0.04	6	1.89	1.76	41959.32	DUOX1	1.24477931805398	0.391355140186916
chr15	45384852	45406360	21508	12608	0.04	4	1.35	1	17051.24	DUOX2	1.04738375807133	0.293224299065421
chr15	45409564	45422076	12512	6352	0.04	4	1.42	1	9030	DUOXA1	0.683734538361824	0.0560747663551402
chr15	45406523	45410302	3779	2404	0.04	3	1.3	1	3126	DUOXA2	0.710486840310923	0.0607476635514019
chr15	48623621	48635571	11950	11347	0.68	18.8	7.85	7.76	89104.16	DUT	6.65254292967	0.891355140186916
chr15	55709954	55800433	90479	49554	0.04	5	1.39	1	68969	DYX1C1	1.12722072403367	0.34696261682243
chr15	55647421	55790783	143362	98253	0.04	16.68	2.53	2	249027	DYX1C1-CCPG1	2.32904162752617	0.543224299065421
chr15	74922899	74988387	65488	63375	0.04	20.88	5.25	4.6	332422	EDC3	4.99882706766917	0.759345794392523
chr15	82422561	82555105	132544	127213	0.04	19.28	4.57	4	580878.64	EFL1	4.57536067045795	0.717289719626168
chr15	84748939	84795354	46415	42155	0.04	12.84	2.94	2.64	123968.6	EFTUD1P1	2.72461814914645	0.574766355140187
chr15	42191639	42264756	73117	71960	0.04	24.08	8.23	7.96	592113.8	EHD4	7.40244033554614	0.938084112149533
chr15	42213615	42221485	7870	7845	0.32	21.48	8.41	7.84	65956.64	EHD4-AS1	6.30741512862198	0.869158878504673
chr15	49170290	49172381	2091	1991	0.76	7.52	3.04	2.8	6056.8	EID1	2.96896139291386	0.594626168224299
chr15	40226325	40327798	101473	98498	0.04	20.2	5.98	5.6	588573.24	EIF2AK4	5.61932041893814	0.816588785046729
chr15	44829266	44855002	25736	25353	0.04	20.76	6.42	5.8	162748.2	EIF3J	6.14863425138842	0.85981308411215
chr15	44826703	44829122	2419	1496	0.08	8.56	3.85	3.36	5755.44	EIF3J-AS1	2.39538523007258	0.553738317757009
chr15	44064798	44069503	4705	3926	0.48	20.28	7.06	6.32	27735.08	ELL3	5.94994636804394	0.842289719626168
chr15	34517198	34522367	5169	5144	0.2	15.36	4.88	3.12	25087	EMC4	5.67836124943413	0.821261682242991
chr15	34376224	34394054	17830	16730	0.04	18.6	4.93	4	82474	EMC7	4.64380630630631	0.731308411214953
chr15	43489426	43513324	23898	16248	0.04	9.32	1.78	1	28892	EPB42	1.43734142579971	0.43107476635514
chr15	76508629	76603811	95182	92095	0.04	24.84	5.76	5.16	530297	ETFA	5.80612915234195	0.829439252336449
chr15	69373190	69388164	14974	7684	0.04	3.68	1.32	1	10126	EWSAT1	0.712195808130539	0.0619158878504673
chr15	41474931	41522956	48025	28418	0.04	5.48	1.45	1	41310	EXD1	1.15474280347289	0.360981308411215
chr15	80445233	80478925	33692	32451	0.04	20.4	5.02	4.56	162853.96	FAH	4.26788510928246	0.689252336448598
chr15	83654955	83659810	4855	4480	0.32	11.32	4.79	5	21481.08	FAM103A1	4.64556228373702	0.732476635514019
chr15	102495088	102496559	1471	836	0.12	2	1.07	1	895	FAM138E	0.568976478067387	0.0350467289719626
chr15	98980391	99057612	77221	41421	0.04	5.44	1.42	1	58733.88	FAM169B	1.00576878949261	0.253504672897196
chr15	93160679	93199032	38353	35778	0.04	14	4.21	3.96	150736.32	FAM174B	3.46090646094503	0.634345794392523
chr15	29412455	29862928	450473	266294	0.04	7.48	1.5	1	399382.84	FAM189A1	1.03098732765586	0.27803738317757
chr15	52873518	52970832	97314	96181	0.04	22.56	5.93	5.44	569977.8	FAM214A	5.54016582264947	0.809579439252336
chr15	75192328	75199236	6908	6746	0.2	19.36	8.2	7.64	55302	FAM219B	5.33885542168675	0.788551401869159
chr15	49620592	49913119	292527	175207	0.04	11.88	1.68	1	293677	FAM227B	1.26502033150694	0.397196261682243
chr15	59063391	59154099	90708	85075	0.04	15.08	3.56	3	302518	FAM63B	3.53336560087234	0.639018691588785
chr15	59730372	59815752	85380	72253	0.04	12.36	2.7	2	195018.88	FAM81A	2.20347668179047	0.525700934579439
chr15	64364758	64386208	21450	20966	0.28	25.36	5.5	4.8	115416	FAM96A	5.09227475764309	0.771028037383178
chr15	38746328	38779912	33584	32409	0.12	21.96	5.63	4.92	182317.52	FAM98B	5.30733348858873	0.785046728971963
chr15	31196076	31235311	39235	37887	0.08	20.2	7.05	6.64	266929.4	FAN1	5.9570381717277	0.843457943925234
chr15	89787194	89860363	73169	71364	0.04	20.8	6.85	6.44	489093.08	FANCI	7.06884058389941	0.921728971962617
chr15	48700503	48937986	237483	218171	0.04	15.24	3.52	3	767568	FBN1	3.05198402341426	0.605140186915888
chr15	63889552	63894621	5069	4069	0.04	7.68	2.78	2.4	11309.2	FBXL22	1.85250950072074	0.490654205607477
chr15	76196200	76227609	31409	30834	0.04	22.16	6.66	6.04	205218.2	FBXO22	5.90301164964763	0.837616822429907
chr15	76225024	76225472	448	448	8.12	15.84	12.82	13.08	5741.76	FBXO22-AS1	7.33302681992337	0.935747663551402
chr15	68570141	68588204	18063	17355	0.28	23.4	6.35	5.4	110156	FEM1B	5.48531022806493	0.800233644859813
chr15	91427665	91439007	11342	10008	0.04	10.6	3.07	2.96	30721	FES	3.46028906890617	0.633177570093458
chr15	49715375	49779524	64149	38649	0.04	7	1.52	1	58820	FGF7	1.088916452228	0.325934579439252
chr15	50641135	50647077	5942	5592	0.24	10.48	3.35	3	18726	FLJ10038	2.95029588036224	0.592289719626168
chr15	33057745	33486935	429190	268454	0.04	7.36	1.56	1	418645	FMN1	1.03551949738427	0.283878504672897
chr15	60296421	60298143	1722	1294	0.08	3	1.37	1	1772	FOXB1	1.61838307821576	0.466121495327103
chr15	44162959	44487493	324534	206709	0.04	16.48	1.9	1	392680.4	FRMD5	1.40698259367812	0.427570093457944
chr15	83424117	83474823	50706	36757	0.04	20.48	3.43	2	125983.08	FSD2	2.9719298907787	0.595794392523365
chr15	39892232	40075040	182808	119808	0.04	7	1.55	1	185709.56	FSIP1	1.09469515753485	0.332943925233645
chr15	91411822	91426689	14867	13792	0.04	13.48	4.89	4.24	67409.64	FURIN	4.71924110893307	0.738317757009346
chr15	90889763	90892680	2917	1681	0.04	2.4	1.22	1	2057	GABARAPL3	0.897469458987784	0.162383177570093
chr15	50569389	50647627	78238	74913	0.04	21.36	4.28	3.64	320939	GABPB1	4.45786998324856	0.706775700934579
chr15	50646371	50650504	4133	3458	0.12	10.96	3.71	3	12845.92	GABPB1-AS1	1.86497096399535	0.491822429906542
chr15	27111866	27194358	82492	50383	0.04	5.76	1.5	1	75541	GABRA5	1.12675447101114	0.345794392523364
chr15	26788694	27018936	230242	138130	0.04	5	1.43	1	197890	GABRB3	1.08376461567951	0.321261682242991
chr15	27216429	27778374	561945	318550	0.04	8.88	1.47	1	468677	GABRG3	1.08205505891914	0.317757009345794
chr15	27402882	27406467	3585	1985	0.12	4	1.43	1	2838	GABRG3-AS1	1.0585602387169	0.299065420560748
chr15	49447956	49622003	174047	155972	0.04	14.88	3.37	3	525169	GALK2	3.37544750457949	0.627336448598131
chr15	42566366	42645865	79499	75016	0.04	16.84	4.81	4.28	361040.6	GANC	4.85720612633343	0.751168224299065
chr15	45653322	45694516	41194	36719	0.04	18.08	3.87	3	142054.24	GATM	2.91722435568333	0.591121495327103
chr15	41056285	41059912	3627	3602	0.44	13	3.56	3	12832	GCHFR	2.32127351664255	0.539719626168224
chr15	59903982	59912211	8229	6454	0.04	4.04	1.35	1	8682.28	GCNT3	0.887305058763413	0.151869158878505
chr15	57884102	58009756	125654	80482	0.04	20.96	2.34	1.28	188417.28	GCOM1	1.75201807649033	0.48481308411215
chr15	90777487	90785313	7826	7314	0.04	16.28	3.77	3	27583.44	GDPGP1	3.04352201257862	0.601635514018692
chr15	35044642	35046783	2141	1034	0.08	3	1.44	1.44	1485	GJD2	0.656127390336149	0.0478971962616822
chr15	69452936	69564545	111609	75450	0.04	7	1.63	1.08	122850	GLCE	1.27518132798224	0.401869158878505
chr15	51633713	51700210	66497	41850	0.04	5.68	1.51	1	63315	GLDN	0.82468251383914	0.115654205607477
chr15	52413123	52483566	70443	60493	0.04	13.64	3.36	3	203119.4	GNB5	2.90839335706791	0.588785046728972
chr15	83140199	83182978	42779	29779	0.04	5.84	1.58	1.16	47164.88	GOLGA2P10	1.53035341146543	0.445093457943925
chr15	62534728	62540995	6267	2550	0.04	1.6	0.89	1	2268	GOLGA2P11	0.423766816143498	0.0198598130841121
chr15	84867600	84898921	31321	22100	0.04	5.8	1.68	1.28	37233	GOLGA2P7	1.5972972972973	0.45911214953271
chr15	74362198	74374892	12694	7019	0.04	4.84	1.41	1	9929	GOLGA6A	0.756502154686367	0.0759345794392523
chr15	72947038	72959739	12701	7151	0.04	4	1.29	1	9254	GOLGA6B	0.962130285790332	0.211448598130841
chr15	75550899	75565797	14898	8025	0.04	4	1.39	1	11151	GOLGA6C	0.885070243670133	0.149532710280374
chr15	75575182	75588149	12967	8017	0.04	4.16	1.47	1	11763	GOLGA6D	1.20021304470266	0.379672897196262
chr15	22736246	22746003	9757	5378	0.08	3.72	1.27	1	6806.28	GOLGA6L1	0.811720930232558	0.105140186915888
chr15	82632350	83018199	385849	180424	0.04	14.52	1.68	1	302631	GOLGA6L10	1.70578023278753	0.481308411214953
chr15	82804003	83195273	391270	188500	0.04	14.52	1.7	1	320733	GOLGA6L17P	1.71946218054908	0.483644859813084
chr15	23684533	23692391	7858	3875	0.04	3	1.22	1	4725	GOLGA6L2	0.886777721891492	0.150700934579439
chr15	23403866	23579358	175492	59475	0.04	7	1.29	1	76923	GOLGA6L22	0.959905660377358	0.207943925233645
chr15	85783641	85790419	6778	1950	0.04	3.68	1.26	1	2457	GOLGA6L3	1.32810810810811	0.414719626168224
chr15	20737094	20747115	10021	4480	0.04	2.84	1.12	1	5025	GOLGA6L6	0.823095823095823	0.113317757009346
chr15	29090107	29093822	3715	2150	0.04	3	1.41	1	3024	GOLGA6L7P	1.51275637818909	0.44392523364486
chr15	82804769	83108112	303343	137300	0.04	14.52	1.79	1	245511	GOLGA6L9	1.7982201713909	0.48714953271028
chr15	34671270	34729668	58398	57704	0.04	19.52	6.66	6.2	384071.32	GOLGA8A	6.64609735416775	0.889018691588785
chr15	34817484	34875772	58288	57540	0.04	21.52	6.16	5.76	354184.8	GOLGA8B	5.89024319666008	0.83411214953271
chr15	20767674	20781027	13353	5328	0.08	3	1.16	1	6167.08	GOLGA8CP	0.862046407604138	0.135514018691589
chr15	22702285	22715729	13444	5830	0.08	3	1.14	1	6626	GOLGA8DP	1.30952757399443	0.411214953271028
chr15	23435070	23448424	13354	6179	0.04	3	1.2	1	7396.04	GOLGA8EP	1.2989181594661	0.407710280373832
chr15	28623784	28636413	12629	4925	0.04	3	1.11	1	5481	GOLGA8F	0.858681756655136	0.129672897196262
chr15	28623784	28637172	13388	5125	0.04	3	1.11	1	5670	GOLGA8G	0.796939303303573	0.0957943925233645
chr15	30896233	30910030	13797	5322	0.04	4.04	1.18	1	6281.88	GOLGA8H	1.66099418297197	0.47196261682243
chr15	32681786	32695494	13708	3925	0.12	2	1.01	1	3969	GOLGA8K	1.59846959323399	0.460280373831776
chr15	28943841	28957568	13727	3727	0.12	3	1.18	1	4400.6	GOLGA8M	1.11633688483004	0.341121495327103
chr15	32734115	32747836	13721	3259	0.08	2.8	1.1	1	3594.24	GOLGA8O	0.985803620405924	0.23714953271028
chr15	23599895	23613472	13577	5627	0.04	3	1.07	1	6026.12	GOLGA8S	1.08578738738739	0.322429906542056
chr15	30427990	30439396	11406	3934	0.04	3	1.1	1	4316	GOLGA8T	1.66640926640927	0.474299065420561
chr15	40091223	40213094	121871	73571	0.04	6.68	1.53	1	112268	GPR176	0.974083553858835	0.22196261682243
chr15	72452147	72490137	37990	21377	0.04	4	1.42	1	30274	GRAMD2	0.940244735697869	0.196261682242991
chr15	33010205	33026871	16666	9147	0.04	4.36	1.43	1	13091	GREM1	0.909830140946874	0.170560747663551
chr15	59930261	59949741	19480	19188	0.04	19.12	6.41	5.8	123084.6	GTF2A2	5.99798255445641	0.848130841121495
chr15	65822827	65870694	47867	44170	0.04	20.44	4.7	4	207384.6	HACD3	4.46539599419499	0.707943925233645
chr15	89420516	89438858	18342	14150	0.12	6	1.72	1.32	24381	HAPLN3	1.63029087261785	0.467289719626168
chr15	42841011	42862191	21180	19850	0.04	20.16	5.71	5	113400	HAUS2	6.34973962707878	0.872663551401869
chr15	73612200	73661606	49406	23832	0.04	5.24	1.34	1	31908	HCN4	0.893656350651169	0.157710280373832
chr15	50534146	50558163	24017	17000	0.04	4.4	1.55	1	26271	HDC	0.976834981780323	0.224299065420561
chr15	91474148	91475800	1652	1127	0.04	4	2.29	2.6	2575.36	HDDC3	1.25382667964946	0.392523364485981
chr15	83806804	83876771	69967	65570	0.04	16.6	4.36	3.68	285849	HDGFRP3	4.06535365073875	0.671728971962617
chr15	63900817	64126148	225331	219456	0.04	23.84	6.64	6	1456206.72	HERC1	6.30129229120369	0.867990654205608
chr15	28356183	28567299	211116	203216	0.04	24.08	5.92	5.52	1203039	HERC2	6.38657429526995	0.873831775700935
chr15	31110239	31119987	9748	7898	0.08	5.8	1.96	2	15512.12	HERC2P10	1.5950766066838	0.457943925233645
chr15	23282265	23378260	95995	90759	0.04	17.52	4.49	4	407643	HERC2P2	5.03076638282118	0.766355140186916
chr15	20613650	20711434	97784	84924	0.04	16.44	3.68	3	312292	HERC2P3	3.78448599716429	0.655373831775701
chr15	23390722	23393944	3222	3197	0.2	8.2	3.81	4	12173.2	HERC2P7	3.30973355084285	0.623831775700935
chr15	28899588	28930411	30823	28773	0.04	17.12	5.26	4.88	151432.6	HERC2P9	5.28238268588659	0.781542056074766
chr15	72635776	72668815	33039	32473	0.08	19.12	6.49	6.32	210863.64	HEXA	6.27996497623387	0.866822429906542
chr15	72668454	72671130	2676	2170	0.04	5.52	2.16	2	4682	HEXA-AS1	1.9327300947789	0.503504672897196
chr15	72968123	72978491	10368	6601	0.04	5	1.33	1	8789	HIGD2B	0.953721347124621	0.205607476635514
chr15	77712993	77777947	64954	61773	0.04	20.08	5.41	4.72	334215	HMG20A	5.17805063664544	0.774532710280374
chr15	45803334	45848929	45595	25680	0.04	5.88	1.45	1	37344.2	HMGN2P46	0.895179423256706	0.158878504672897
chr15	83517729	83621477	103748	61670	0.04	5.88	1.49	1	91768	HOMER2	1.0908829818546	0.330607476635514
chr15	58982672	58985807	3135	3135	1.96	20.8	7.66	7.36	24003.84	HSP90AB4P	6.96255902725406	0.913551401869159
chr15	99797730	99800482	2752	2752	0.48	11.76	5.77	5.52	15867.48	HSP90B2P	4.20888063660477	0.685747663551402
chr15	78799906	78829716	29810	19075	0.04	5	1.54	1	29295	HYKK	1.17977528089888	0.372663551401869
chr15	44092619	44094770	2151	2101	0.48	15.04	6.73	7.04	14134.4	HYPK	5.20550366812999	0.77803738317757
chr15	60711808	60771360	59552	57777	0.08	17	5.47	5	315931.08	ICE2	5.76979837825992	0.825934579439252
chr15	90627211	90645787	18576	17013	0.04	16	5.4	4.68	91810.28	IDH2	4.41913125179297	0.703271028037383
chr15	78441719	78462885	21166	20236	0.04	23	7.93	7.92	160489.72	IDH3A	7.32495298950251	0.934579439252336
chr15	65619465	65670379	50914	26200	0.04	5	1.44	1	37800	IGDCC3	0.968242665177588	0.217289719626168
chr15	65673825	65715411	41586	26374	0.04	5.4	1.59	1	42043.44	IGDCC4	1.08999896297833	0.328271028037383
chr15	99191768	99507760	315992	218736	0.04	9	1.68	1.16	366671.64	IGF1R	1.15019806141974	0.355140186915888
chr15	22448240	22448882	642	334	0.36	1	0.92	1	307	IGHV1OR15-1	0.296046287367406	0.0146028037383178
chr15	22465806	22466548	742	250	0.68	2	1.51	1.76	378	IGHV1OR15-3	0.47787610619469	0.0239485981308411
chr15	81489219	81605105	115886	75961	0.04	25.28	3.58	2	271836.6	IL16	2.38714906695939	0.552570093457944
chr15	75931426	75932665	1239	1039	0.6	5	2.77	2.76	2878.68	IMP3	1.20378362103573	0.380841121495327
chr15	40616257	40618917	2660	2118	0.04	8	3.21	3	6797	INAFM2	2.24027686222808	0.529205607476635
chr15	41271079	41408445	137366	135445	0.04	20.8	6.91	6.44	936559.6	INO80	7.04145207831792	0.920560747663551
chr15	25361692	25367624	5932	5407	0.32	12.08	3.88	3.36	20974.4	IPW	4.31593329711755	0.691588785046729
chr15	67547138	67794143	247005	166830	0.04	7.16	1.76	1.32	293867	IQCH	1.3395216855491	0.420560747663551
chr15	67695949	67814183	118234	87850	0.04	13.4	2.37	2	207900	IQCH-AS1	1.91805946630157	0.5
chr15	90931473	91045476	114003	110752	0.04	25.28	7.02	6.44	777778.36	IQGAP1	6.46832114369886	0.885514018691589
chr15	99189095	99194451	5356	2031	0.08	3	1.2	1	2444	IRAIN	0.62876254180602	0.0432242990654206
chr15	78730518	78793799	63281	62625	0.04	24.32	7.63	7.2	477727	IREB2	7.13941776010999	0.925233644859813
chr15	89178868	89199576	20708	19908	0.04	14.04	6.22	6.28	123911.32	ISG20	5.07264477209162	0.769859813084112
chr15	76629065	76634817	5752	3925	0.04	6	1.93	1.72	7560	ISL2	1.59932303786757	0.461448598130841
chr15	74466087	74469213	3126	1651	0.2	3	1.41	1.36	2327	ISLR	1.01654784371287	0.26285046728972
chr15	74421715	74429144	7429	3600	0.04	2.8	1.05	1	3780	ISLR2	1.15972264834019	0.36214953271028
chr15	68594042	68724493	130451	72082	0.04	6	1.48	1	106776	ITGA11	0.941177963869682	0.197429906542056
chr15	41786056	41795758	9702	4850	0.08	8	1.95	1.48	9450	ITPKA	1.04247104247104	0.289719626168224
chr15	40697686	40713513	15827	14463	0.04	23.12	6.46	5	93374.84	IVD	5.70890437759843	0.823598130841122
chr15	42120283	42129786	9503	8437	0.12	9.16	3.03	2.88	25528.6	JMJD7	2.32734068739174	0.542056074766355
chr15	42120283	42140347	20064	18298	0.12	9.16	3.09	2.96	56505	JMJD7-PLA2G4B	3.04393217534084	0.602803738317757
chr15	34432875	34502298	69423	63099	0.04	17.2	3.9	3.4	246315.16	KATNBL1	4.24110954233961	0.688084112149533
chr15	65369154	65372277	3123	1478	0.08	4	1.42	1	2102	KBTBD13	0.698106941215543	0.058411214953271
chr15	64657211	64679887	22676	20326	0.04	13.64	3.57	3	72589.24	KIAA0101	4.10636728358047	0.677570093457944
chr15	79724858	79764643	39785	24866	0.04	7.52	1.58	1	39305.16	KIAA1024	1.16736441936442	0.366822429906542
chr15	69706585	69740767	34182	33468	0.08	24.92	7.43	6.88	248753	KIF23	7.56870321913223	0.94392523364486
chr15	90171201	90198683	27482	15973	0.04	21.16	3.46	2	55192.96	KIF7	3.72273423841488	0.649532710280374
chr15	31619058	31727869	108811	86950	0.04	20.8	4.52	3.62	392931	KLF13	3.51546899044483	0.636682242990654
chr15	86302559	86338190	35631	29240	0.04	9	2.13	2	62355	KLHL25	2.05520764667106	0.518691588785047
chr15	40886447	40954882	68435	65758	0.04	20.24	5.11	4.6	336149.16	KNL1	6.41127227119244	0.877336448598131
chr15	40674922	40686490	11568	10716	0.12	25.92	7.41	7	79357.2	KNSTRN	5.33099556630391	0.786214953271028
chr15	63413999	63434265	20266	18375	0.04	11	3.82	3.52	70119	LACTB	4.15298507462687	0.683411214953271
chr15	71123863	71146605	22742	14136	0.04	8.08	1.83	1.24	25818	LARP6	1.32946786269684	0.41588785046729
chr15	43619974	43622821	2847	2775	0.04	13.48	5.35	5	14851	LCMT2	4.0105320010802	0.670560747663551
chr15	66839806	66858318	18512	15668	0.04	10.84	2.77	2	43467.48	LCTL	3.35750589354846	0.626168224299065
chr15	59499015	59500786	1771	1771	2	22.88	11.34	12.36	20084.44	LDHAL6B	8.70058915265985	0.978971962616822
chr15	52230222	52263999	33777	33102	0.12	22.96	7.43	6.76	245892.96	LEO1	8.22008392147004	0.969626168224299
chr15	70127573	70135307	7734	4051	0.04	4	1.4	1	5689	LINC00593	0.585589294904786	0.0373831775700935
chr15	77516250	77517747	1497	1122	0.76	9	2.92	2	3274.6	LINC00597	1.35084071745623	0.422897196261682
chr15	98285846	98417660	131814	75789	0.04	5.48	1.41	1	107080.28	LINC00923	0.984266122509008	0.235981308411215
chr15	95976322	96051077	74755	43152	0.04	6	1.52	1	65386.64	LINC00924	1.00983227799228	0.255841121495327
chr15	57592563	57599968	7405	6669	0.04	12	3.94	3	26295.4	LINC00926	3.71613906161673	0.648364485981308
chr15	80555410	80634148	78738	48125	0.04	6	1.5	1	72009	LINC00927	1.00143242566684	0.25
chr15	90048161	90067266	19105	10788	0.08	5	1.37	1	14822	LINC00928	1.05149502132502	0.295560747663551
chr15	26360960	26378185	17225	11050	0.04	5	1.59	1	17577	LINC00929	1.57069326041499	0.453271028037383
chr15	93111048	93115494	4446	3196	0.08	4	1.49	1	4756	LINC00930	1.08658898789125	0.323598130841121
chr15	85113880	85123413	9533	5714	0.08	4	1.61	1.72	9193	LINC00933	1.09479576039062	0.33411214953271
chr15	66874528	66978137	103609	59288	0.04	6	1.43	1	84860.52	LINC01169	0.932969529485438	0.192757009345794
chr15	21145767	21198634	52867	23157	0.04	4	1.26	1	29081	LINC01193	1.02959815896619	0.276869158878505
chr15	95822519	95870330	47811	26355	0.04	5	1.54	1	40707	LINC01197	0.891457929107338	0.155373831775701
chr15	80487821	80544604	56783	34833	0.04	5	1.49	1	51844.08	LINC01314	0.968251904975347	0.218457943925234
chr15	57611336	57617238	5902	3200	0.04	5	1.65	1.56	5292	LINC01413	0.760344827586207	0.0794392523364486
chr15	48095581	48138434	42853	28428	0.04	6	1.58	1	44775.52	LINC01491	0.925419973544974	0.185747663551402
chr15	93426073	93441978	15905	15404	0.12	23	8.64	8.44	133017.6	LINC01578	8.68261096605744	0.977803738317757
chr15	94443930	94527380	83450	46781	0.04	6	1.38	1	64654.68	LINC01580	0.917347900113507	0.178738317757009
chr15	94448634	94651168	202534	109669	0.04	7.16	1.44	1	157571.2	LINC01581	0.92017752861481	0.179906542056075
chr15	98626208	98631983	5775	3891	0.04	4	1.56	1	6068	LINC01582	2.12539404553415	0.522196261682243
chr15	82380935	82390035	9100	5161	0.04	4	1.44	1	7452	LINC01583	0.950874058951129	0.203271028037383
chr15	86626576	86659949	33373	19823	0.04	5	1.47	1	29105.12	LINC01584	0.914680075424261	0.176401869158879
chr15	91203465	91208186	4721	4596	0.04	10.8	3.41	2.76	15658.72	LINC01585	3.6483504193849	0.643691588785047
chr15	89128802	89148342	19540	10890	0.04	5	1.5	1	16302	LINC01586	0.864139941690962	0.13785046728972
chr15	77905366	78113243	207877	101627	0.04	7.88	1.36	1	138126	LINGO1	0.821850809498593	0.110981308411215
chr15	77934106	77941582	7476	3183	0.04	3	1.23	1	3924	LINGO1-AS1	0.757528957528958	0.0771028037383178
chr15	77952393	77960417	8024	3406	0.04	2.68	1.15	1	3932	LINGO1-AS2	0.652826479651472	0.0467289719626168
chr15	101109428	101142446	33018	28221	0.04	19.72	4.78	4	134806.92	LINS1	4.23055863102635	0.686915887850467
chr15	58724175	58861074	136899	99475	0.04	7	1.72	1.2	170986	LIPC	1.14164196244959	0.351635514018692
chr15	58727100	58790935	63835	46711	0.04	6	1.81	1.4	84510	LIPC-AS1	1.15284822127701	0.358644859813084
chr15	75105194	75118100	12906	6500	0.04	4	1.4	1	9072	LMAN1L	0.662673484295106	0.0490654205607477
chr15	102277297	102287074	9777	7702	0.04	5	2.16	2	16608	LOC100128108	2.02677965605276	0.51518691588785
chr15	26147507	26298268	150761	86644	0.04	7	1.41	1	121773	LOC100128714	1.02854412013626	0.274532710280374
chr15	52472223	52498077	25854	18804	0.04	5	1.73	1.48	32468	LOC100129973	1.30972166196047	0.412383177570093
chr15	29967139	29971368	4229	2094	0.16	5	1.78	1	3728.96	LOC100130111	1.55050311850312	0.449766355140187
chr15	33010302	33011067	765	425	0.16	1	0.89	1	378	LOC100131315	1.02162162162162	0.268691588785047
chr15	30938318	31065210	126892	122106	0.04	21.24	5.09	4.76	621713.56	LOC100288637	4.68825736666999	0.735981308411215
chr15	29033389	29034539	1150	525	0.16	5.24	2.52	2.92	1322.4	LOC100289656	1.4730650982489	0.439252336448598
chr15	45021186	45025050	3864	3664	0.36	21.52	7.03	3.84	25772.44	LOC100419583	6.42217371369336	0.879672897196262
chr15	52211160	52216318	5158	5133	0.6	21.2	7.7	7	39522.2	LOC100422556	8.32656346123054	0.970794392523365
chr15	32828960	32872811	43851	21951	0.04	4.84	1.36	1	29795	LOC100996255	0.967213114754098	0.214953271028037
chr15	91565852	91574370	8518	6197	0.04	4	1.62	1.16	10008.24	LOC101926911	1.45765219924264	0.434579439252336
chr15	22278031	22383565	105534	49041	0.04	5.44	1.37	1	66961	LOC101927079	0.827261159087259	0.117990654205607
chr15	94399789	94421586	21797	13697	0.04	5	1.47	1	20128.8	LOC101927153	1.09220424623105	0.331775700934579
chr15	97913601	98065042	151441	81591	0.04	6.32	1.46	1	118929	LOC101927286	1.07082466708085	0.308411214953271
chr15	98096514	98103929	7415	4900	0.04	4.28	1.54	1.22	7560	LOC101927310	1.33427462054359	0.419392523364486
chr15	101432548	101459489	26941	18126	0.04	11.8	2.17	2	39284	LOC101927751	1.34709553528565	0.421728971962617
chr15	32878306	32906948	28642	13392	0.04	8.6	1.74	1	23348	LOC101928042	1.89758810927143	0.495327102803738
chr15	33595858	33602861	7003	3666	0.04	4	1.28	1	4696	LOC101928134	0.650192177756117	0.0455607476635514
chr15	35047285	35105125	57840	33076	0.04	5	1.49	1	49140.44	LOC101928174	0.906566552901024	0.168224299065421
chr15	38332594	38354542	21948	14230	0.08	5.4	1.59	1	22634	LOC101928227	1.03550187574343	0.282710280373832
chr15	45543779	45571421	27642	18250	0.04	6	1.81	1.68	33075	LOC101928414	1.26745310710908	0.399532710280374
chr15	59060271	59063174	2903	1528	0.12	4	1.58	1	2412	LOC101928725	1.05743095133713	0.296728971962617
chr15	62352702	62354634	1932	1450	0.08	2	1.04	1	1512	LOC101928907	0.506872276231981	0.0268691588785047
chr15	64220473	64228153	7680	7080	0.04	8.72	3.14	2.84	22207.08	LOC101928988	2.78284210526316	0.582943925233645
chr15	68126646	68131218	4572	2047	0.24	5	1.65	1	3378.72	LOC101929076	0.445602688345054	0.0210280373831776
chr15	70863297	70878946	15649	8150	0.04	4	1.41	1	11529	LOC101929151	0.865259915703015	0.139018691588785
chr15	76467232	76473828	6596	5079	0.04	5	1.61	1.32	8193	LOC101929439	1.18251044962243	0.375
chr15	77817937	77826453	8516	5941	0.08	4	1.33	1	7872.68	LOC101929457	0.92510928319624	0.184579439252336
chr15	80846951	80855286	8335	5712	0.08	5	1.62	1.08	9268.2	LOC101929586	1.26230544190633	0.396028037383178
chr15	86298172	86301957	3785	3510	0.24	7	2.7	2.72	9462	LOC101929679	3.80458383594692	0.656542056074766
chr15	101098871	101100005	1134	1084	0.4	3	1.79	2	1936	LOC102723335	1.61737677527151	0.464953271028037
chr15	63682429	63729736	47307	28895	0.04	7.64	1.53	1	44116	LOC102723344	0.818625682682901	0.107476635514019
chr15	67223875	67248854	24979	15755	0.04	5	1.42	1	22402	LOC102723481	0.825332498250009	0.116822429906542
chr15	67276545	67356521	79976	56622	0.04	6.8	1.52	1	86121	LOC102723493	1.02537206810335	0.272196261682243
chr15	72900822	72929297	28475	16252	0.04	6.4	1.46	1	23661	LOC102723640	0.947387387387387	0.199766355140187
chr15	84977316	84978857	1541	391	0.04	2	1.31	1.28	514	LOC102724034	0.897033158813264	0.160046728971963
chr15	87482028	87531658	49630	29230	0.04	6	1.56	1	45686	LOC102724452	1.28069709212295	0.404205607476636
chr15	22448240	22448882	642	334	0.36	1	0.92	1	307	LOC102724760	0.296046287367406	0.0146028037383178
chr15	31508224	31517211	8987	8362	0.04	16	5.72	4.76	47813.6	LOC102725022	5.11819890642997	0.772196261682243
chr15	84977217	84980582	3365	1065	0.04	2	1.13	1	1200	LOC103171574	0.810810810810811	0.103971962616822
chr15	32957903	32965267	7364	6889	0.12	11.44	3.18	3	21873.12	LOC105370757	3.03414065751144	0.600467289719626
chr15	42184975	42191014	6039	4189	0.04	10	3.55	3	14872.68	LOC105370792	2.77320156628753	0.580607476635514
chr15	45997393	46223268	225875	129600	0.04	10.96	1.47	1	190890	LOC105370802	0.997142663121549	0.247663551401869
chr15	55348945	55384372	35427	15504	0.04	5	1.5	1	23208.08	LOC105370829	0.934942593562422	0.19392523364486
chr15	72700120	72766581	66461	38986	0.04	8.24	1.72	1.2	66877.8	LOC105370888	1.30036554540152	0.408878504672897
chr15	40075107	40077818	2711	2419	0.36	9	3.71	3.28	8969.52	LOC105370941	3.22886188227163	0.619158878504673
chr15	41199007	41201550	2543	1843	0.04	2	1.26	1	2326	LOC105370943	1.21510364426613	0.384345794392523
chr15	87476111	87489563	13452	7977	0.08	5.4	1.6	1	12751.56	LOC105370954	1.11944166447195	0.342289719626168
chr15	75519094	75522032	2938	2075	0.08	3	1.37	1	2835	LOC105376731	0.766216216216216	0.0823598130841122
chr15	69689243	69707369	18126	11445	0.04	5	1.58	1.16	18125	LOC145694	1.16394811199589	0.364485981308411
chr15	57178368	57210698	32330	22031	0.04	8	1.75	1.04	38619.16	LOC145783	1.18591002610164	0.376168224299065
chr15	37156644	37178735	22091	14705	0.04	4	1.44	1	21184	LOC145845	1.00235257600448	0.251168224299065
chr15	23094331	23115255	20924	10543	0.04	4.8	1.48	1	15568	LOC283683	0.971542685971043	0.220794392523364
chr15	31514971	31523051	8080	7480	0.04	21.56	6.2	6.08	46361.6	LOC283710	5.2586351613152	0.780373831775701
chr15	74418714	74421620	2906	1510	0.12	3.36	1.25	1	1891	LOC283731	0.709302325581395	0.0595794392523364
chr15	83379223	83382746	3523	1922	0.08	3	1.27	1	2440	LOC338963	1.10725889891271	0.335280373831776
chr15	100347228	100423188	75960	60139	0.04	11.24	2.53	2	152372	LOC400464	2.33986486486487	0.544392523364486
chr15	84860600	84878026	17426	11750	0.04	5	1.5	1	17577	LOC440300	1.31103155068248	0.413551401869159
chr15	95398592	95400294	1702	1300	0.48	5	2.18	2	2835	LOC440311	3.45951090935715	0.632009345794392
chr15	22465806	22466548	742	250	0.68	2	1.51	1.76	378	LOC642131	0.47787610619469	0.0239485981308411
chr15	84868830	84869442	612	562	0.08	5	1.86	2	1045.68	LOC642423	2.82616216216216	0.58411214953271
chr15	78206559	78219189	12630	5090	0.04	3.84	1.32	1	6715	LOC645752	0.926212006686933	0.186915887850467
chr15	21932514	21940740	8226	6235	0.04	7.6	2.45	2	15274	LOC646214	1.68436978941518	0.477803738317757
chr15	79044379	79045735	1356	1256	0.6	3	1.88	2	2362.56	LOC646938	1.64638327526132	0.469626168224299
chr15	83140204	83182974	42770	29770	0.04	5.84	1.58	1.16	47157	LOC727751	1.53047116585443	0.446261682242991
chr15	22278032	22371089	93057	42800	0.04	5.44	1.34	1	57456	LOC727924	0.823246217331499	0.114485981308411
chr15	74653893	74654383	490	340	0.08	1	0.9	1	305	LOC729739	0.640756302521008	0.044392523364486
chr15	78285575	78286568	993	968	0.16	6.4	3.92	4.08	3790	LOC91450	5.54904831625183	0.810747663551402
chr15	74218799	74244483	25684	12384	0.04	5	1.38	1	17151	LOXL1	0.755450821477338	0.0747663551401869
chr15	74209809	74220590	10781	4931	0.04	5.24	1.2	1	5919.32	LOXL1-AS1	0.680772857964347	0.0525700934579439
chr15	34651089	34659396	8307	7425	0.12	22.16	7.43	7.6	55188	LPCAT4	7.27593935398813	0.93107476635514
chr15	99791567	99930938	139371	124264	0.04	14.32	3.31	3	410835.6	LRRC28	2.74124319419238	0.575934579439252
chr15	71145578	71342437	196859	140646	0.04	11.6	1.97	1.92	276948	LRRC49	1.71337914090754	0.482476635514019
chr15	42834720	42841003	6283	6179	0.08	18.16	6.06	5.56	37455.12	LRRC57	7.60664500406174	0.945093457943925
chr15	101459420	101610318	150898	148444	0.04	25.16	7.14	6.72	1059533.64	LRRK1	6.32895797896475	0.871495327102804
chr15	41795840	41806086	10246	5071	0.12	4	1.2	1	6063	LTK	0.862446657183499	0.136682242990654
chr15	99557933	99574276	16343	13177	0.04	8.2	2.22	2	29260	LUNAR1	1.92133429640817	0.501168224299065
chr15	52015261	52043651	28390	24088	0.04	12.8	3.2	2.2	77035	LYSMD2	2.42118079826207	0.55607476635514
chr15	100267606	100273650	6044	5225	0.04	10.2	3	2.8	15687	LYSMD4	2.35540540540541	0.549065420560748
chr15	23888696	23892994	4298	2075	0.08	3	1.37	1	2835	MAGEL2	1.17301931447675	0.371495327102804
chr15	91445448	91465816	20368	19693	0.16	18	7.7	7.96	151622.08	MAN2A2	8.17078990763394	0.968457943925234
chr15	75648133	75660969	12836	11711	0.12	16.12	5.25	4.88	61458.6	MAN2C1	6.73592722490136	0.898364485981308
chr15	43809806	43823819	14013	7795	0.04	5.44	1.63	1	12724	MAP1A	1.20674807758696	0.382009345794392
chr15	66679211	66783883	104672	99509	0.04	20.32	6.11	5.6	607524.4	MAP2K1	5.49741111744532	0.801401869158878
chr15	67835021	68099456	264435	244157	0.04	15.16	3.73	3.2	911525.48	MAP2K5	3.17676644536219	0.617990654205608
chr15	52311411	52358463	47052	45789	0.04	25.28	6.65	6	304462	MAPK6	6.50726682055228	0.88785046728972
chr15	42066632	42120054	53422	51705	0.04	13	4.34	4	224503	MAPKBP1	4.57918560527254	0.719626168224299
chr15	94841430	95027182	185752	128802	0.04	8.48	1.73	1.32	222978	MCTP2	1.38132389727883	0.424065420560748
chr15	100106133	100256694	150561	147686	0.04	21.4	5.74	5	847568.4	MEF2A	5.3026051051051	0.783878504672897
chr15	66187634	66546076	358442	224790	0.04	18.24	1.97	1	443808	MEGF11	1.22751826170173	0.389018691588785
chr15	37183222	37393501	210279	190177	0.04	13.2	3.04	2.68	578302	MEIS2	2.83230075276348	0.585280373831776
chr15	81293295	81296346	3051	1822	0.72	12	5.02	5	9147.84	MESDC1	3.08873342157154	0.607476635514019
chr15	81239668	81282220	42552	38831	0.04	19.16	4.87	4.32	188974	MESDC2	4.60133335281256	0.72196261682243
chr15	90293098	90294541	1443	842	0.08	2.92	1.29	1	1085	MESP1	1.55	0.448598130841121
chr15	90319589	90321983	2394	1759	0.08	5.64	2.07	1.84	3634	MESP2	2.20911854103343	0.526869158878505
chr15	82334119	82338485	4366	2525	0.24	3	1.27	1	3213	MEX3B	1.57886977886978	0.454439252336449
chr15	44096733	44116952	20219	19516	0.16	24.68	8.04	7	156871	MFAP1	7.00473319937486	0.917056074766355
chr15	89441914	89456701	14787	9385	0.12	4	1.54	1	14424	MFGE8	1.26878905590272	0.400700934579439
chr15	41952610	42062142	109532	105668	0.04	22.16	5.54	5	585538	MGA	5.68163999428671	0.822429906542056
chr15	62929371	62937381	8010	4657	0.12	3.72	1.43	1	6642	MGC15885	0.961633125814391	0.210280373831776
chr15	89151338	89151429	91	80	0.24	2	1.34	1.64	107	MIR1179	0.744296048970506	0.0677570093457944
chr15	34674270	34674352	82	82	3	4.96	3.27	3	267.76	MIR1233-1	3.15011764705882	0.611565420560748
chr15	34674270	34674352	82	82	3	4.96	3.27	3	267.76	MIR1233-2	3.15011764705882	0.611565420560748
chr15	44085857	44085958	101	101	12.04	16.44	13.95	13.44	1408.64	MIR1282	6.40523826846126	0.876168224299065
chr15	31357235	31357345	110	110	2	4	2.83	3	311.24	MIR211	1.69705561613959	0.478971962616822
chr15	90549987	90550074	87	87	4.6	7.32	5.93	6.04	516.2	MIR3174	3.51156462585034	0.635514018691589
chr15	93447629	93447706	77	0	0	0	0	0	0	MIR3175	0	0.0058411214953271
chr15	89155078	89155156	78	78	0.76	2.04	1.03	1	80.24	MIR3529	0.877515310586177	0.144859813084112
chr15	35664457	35664566	109	109	2.4	6	3.98	4	433.8	MIR3942	0.938961038961039	0.195093457943925
chr15	69094189	69094265	76	76	5.2	8	6.57	6.24	499.2	MIR4312	4.36363636363636	0.698598130841122
chr15	23807209	23807279	70	70	0.24	2	1.87	2	131.2	MIR4508	0.6719934439664	0.0502336448598131
chr15	36219057	36219125	68	68	3.04	4	3.76	4	255.68	MIR4510	3.76	0.65303738317757
chr15	66789296	66789373	77	77	3.24	7	5.72	5.76	440.72	MIR4512	5.72363636363636	0.824766355140187
chr15	75081013	75081099	86	86	4.84	10.72	6.7	5.24	575.92	MIR4513	3.34837209302326	0.625
chr15	81289758	81289815	57	57	1.4	2	1.83	2	104.4	MIR4514	0.890481064483112	0.154205607476636
chr15	51534387	51534462	75	0	0	0	0	0	0	MIR4713	0	0.0058411214953271
chr15	90393869	90393954	85	85	5.8	6	5.93	5.96	504	MIR5094	2.49455553355771	0.564252336448598
chr15	69116303	69489863	373560	217746	0.04	7	1.45	1	316266	MIR548H4	1.01814967218044	0.26518691588785
chr15	81134319	81134415	96	0	0	0	0	0	0	MIR549A	0	0.0058411214953271
chr15	80873444	80873581	137	137	0.68	1	0.98	1	134.76	MIR5572	0.549054758800521	0.0315420560747664
chr15	62635228	62635338	110	110	1	2	1.55	1.88	171	MIR6085	0.572442420996251	0.036214953271028
chr15	41983783	41983877	94	94	2.16	4	3.02	2.96	283.8	MIR626	0.943358595931392	0.198598130841121
chr15	55665138	55665233	95	95	2	2.04	2	2	190.36	MIR628	0.67937187723055	0.0514018691588785
chr15	70371711	70371808	97	97	6.8	11.6	9.32	10.08	903.8	MIR629	10.2009029345372	0.992990654205608
chr15	72879558	72879655	97	97	1	3	2.34	2.48	227	MIR630	1.03937728937729	0.288551401869159
chr15	75132983	75133049	66	66	1	3	2.24	2.28	148	MIR6882	0.915388421573478	0.177570093457944
chr15	89155056	89155166	110	110	0.76	2.04	1.11	1	121.68	MIR7-2	0.977820636451302	0.225467289719626
chr15	85923827	85923894	67	0	0	0	0	0	0	MIR7706	0	0.0058411214953271
chr15	51606231	51606307	76	76	0.04	1	0.77	1	58.72	MIR7973-1	0.538715596330275	0.0292056074766355
chr15	51606229	51606305	76	76	0.04	1	0.75	1	56.8	MIR7973-2	0.511711711711712	0.0280373831775701
chr15	89911248	89911338	90	0	0	0	0	0	0	MIR9-3	0	0.0058411214953271
chr15	89904810	89941719	36909	19200	0.04	5	1.41	1	27027	MIR9-3HG	0.80339180146202	0.100467289719626
chr15	23810454	23813167	2713	1270	0.24	2	1.13	1	1433	MKRN3	0.591415600495254	0.0385514018691589
chr15	56720929	56757336	36407	31507	0.04	11	3.04	2.48	95797	MNS1	3.15434654907632	0.614485981308411
chr15	79165123	79190082	24959	24133	0.12	24	7.8	7.28	188274.44	MORF4L1	7.77691475212108	0.952102803738318
chr15	75182352	75191799	9447	8875	0.24	16.48	6.66	7	59092	MPI	6.09902608796172	0.855140186915888
chr15	40824083	40824750	667	617	0.76	6.8	4.01	4.48	2472.6	MRPL42P5	4.10730897009967	0.678738317757009
chr15	89002709	89010634	7925	7540	0.28	14.92	7.44	7.48	56115	MRPL46	6.99165213057563	0.91588785046729
chr15	89010684	89023999	13315	12975	0.16	19.72	6.66	6.24	86457	MRPS11	5.90814786872878	0.838785046728972
chr15	65293850	65321978	28128	27428	0.08	19.04	5.27	4.56	144496	MTFMT	5.18780741751337	0.776869158878505
chr15	80135889	80189628	53739	51789	0.04	16.36	5.13	4.92	265426.8	MTHFS	4.47004496539181	0.70911214953271
chr15	31231144	31283808	52664	51905	0.08	19.4	6.61	6.08	343184.8	MTMR10	5.66134050380244	0.817757009345794
chr15	48431625	48470559	38934	36774	0.04	15.12	4.4	4	161789.2	MYEF2	4.08681603149231	0.675233644859813
chr15	59428168	59665072	236904	233481	0.04	23.6	7.49	6.96	1748481	MYO1E	6.45037609218578	0.882009345794392
chr15	52599480	52821248	221768	205469	0.04	21.92	4.62	3.96	948715	MYO5A	4.130209916004	0.682242990654206
chr15	52484515	52587996	103481	72797	0.04	7.36	1.76	1.36	128166	MYO5C	1.13637854813512	0.349299065420561
chr15	72118361	72410441	292080	260638	0.04	17.16	3.37	3	877105.76	MYO9A	3.17573322712625	0.616822429906542
chr15	57884102	57977563	93461	57925	0.04	7.6	1.54	1	89208	MYZAP	1.11363834966606	0.338785046728972
chr15	20874797	20961481	86684	23127	0.04	4.48	1.4	1	32310	NBEAP1	1.17213858153455	0.370327102803738
chr15	23930554	23932451	1897	1125	0.08	2	1.01	1	1134	NDN	0.766216216216216	0.0823598130841122
chr15	41679547	41694659	15112	13887	0.12	18.76	4.06	3	56337.6	NDUFAF1	4.94856227337887	0.757009345794392
chr15	49448495	49450823	2328	1928	0.08	6	1.58	1	3041.36	NDUFAF4P1	1.00941254563558	0.254672897196262
chr15	56119117	56285945	166828	129078	0.04	13.56	2.26	2	292361.4	NEDD4	1.9557908820283	0.505841121495327
chr15	75639331	75647593	8262	6137	0.08	9	2.85	2.4	17496.04	NEIL1	2.36432972972973	0.550233644859813
chr15	73344825	73597548	252723	148974	0.04	8	1.47	1	218505.12	NEO1	0.986256465809072	0.239485981308411
chr15	22133181	22145803	12622	7747	0.04	4.12	1.43	1	11100	NF1P2	1.90919786169839	0.497663551401869
chr15	90808895	90815444	6549	6399	0.16	17.28	6.78	6	43356.8	NGRN	3.91950677104992	0.663551401869159
chr15	23043279	23086844	43565	39565	0.04	25.84	5.38	4.36	212724	NIPA1	5.89034723375976	0.835280373831776
chr15	23004684	23034428	29744	28790	0.04	24.88	8.69	8	250081.6	NIPA2	8.65783624718712	0.976635514018692
chr15	85198360	85201803	3443	2714	0.12	7.6	2.5	2	6792	NMB	1.56209751609936	0.452102803738318
chr15	34633917	34635363	1446	1271	0.12	16.8	5.12	2	6508.96	NOP10	3.99009366877544	0.668224299065421
chr15	69222839	69349502	126663	73788	0.04	5.8	1.37	1	101180.8	NOX5	0.983674897919502	0.233644859813084
chr15	24920541	24928594	8053	3478	0.04	6	1.43	1	4990	NPAP1	0.930102516309413	0.189252336448598
chr15	73852344	73925754	73410	70180	0.04	19.88	5.58	4.96	391266	NPTN	5.0069871007371	0.76285046728972
chr15	73859279	73861885	2606	2606	2	18.24	8.69	8.28	22639.96	NPTN-IT1	9.94725834797891	0.990654205607477
chr15	72102888	72110598	7710	3624	0.04	3	1.24	1	4503	NR2E3	1.01739719837325	0.264018691588785
chr15	96869157	96883493	14336	8636	0.04	5	1.49	1	12878	NR2F2	0.978928484553637	0.228971962616822
chr15	96670589	96870348	199759	133474	0.04	7.64	1.62	1.04	215781	NR2F2-AS1	1.18671392528478	0.377336448598131
chr15	76234328	76304786	70458	42458	0.04	5	1.54	1	65397.12	NRG4	1.08208309175674	0.31892523364486
chr15	29560353	29562021	1668	1371	0.2	7.48	2.8	2	3841	NSMCE3	2.34923547400612	0.546728971962617
chr15	88419988	88799963	379975	216811	0.04	5.4	1.39	1	302020.88	NTRK3	0.930755585688311	0.190420560747664
chr15	88795961	88814298	18337	9300	0.04	3	1.22	1	11340	NTRK3-AS1	0.62596185055078	0.0420560747663551
chr15	41624892	41673249	48357	46925	0.16	25.68	7.01	6.64	329103	NUSAP1	8.96088938262731	0.982476635514019
chr15	34635516	34649939	14423	11723	0.04	17.68	3.54	3	41499.2	NUTM1	2.59749884205651	0.570093457943925
chr15	64979773	64995481	15708	15526	0.12	19.56	6.15	5.04	95437.12	OAZ2	4.60726602840139	0.724299065420561
chr15	28000021	28344459	344438	193100	0.04	7	1.44	1	278208	OCA2	1.07094519166365	0.309579439252336
chr15	76016319	76020028	3709	2184	0.16	2	1.06	1	2325.52	ODF3L1	0.859393939393939	0.132009345794393
chr15	41601466	41624820	23354	21333	0.04	12.84	3.82	3.4	81485.08	OIP5	4.41246981101424	0.700934579439252
chr15	41576201	41591796	15595	14997	0.08	18.84	6.6	6.08	98946.72	OIP5-AS1	7.4840571817563	0.939252336448598
chr15	53049160	53082210	33050	20125	0.04	5	1.41	1	28310.76	ONECUT1	0.868034144008242	0.14018691588785
chr15	102382322	102390528	8206	5027	0.04	4.08	1.43	1	7182.56	OR4F13P	1.38608083490289	0.425233644859813
chr15	102358390	102359329	939	939	0.68	2	1.43	1.24	1339.04	OR4F15	1.80951351351351	0.488317757009346
chr15	102462345	102463263	918	225	0.2	1	0.84	1	189	OR4F4	0.230769230769231	0.0128504672897196
chr15	102345923	102346862	939	675	0.12	4	2.52	3	1701	OR4F6	1.70045585412668	0.480140186915888
chr15	22368478	22369562	1084	675	0.08	1	0.84	1	567	OR4M2	0.561942517343905	0.0338785046728972
chr15	22413462	22414396	934	922	0.08	2	1.19	1	1097	OR4N3P	0.49568030653557	0.0257009345794393
chr15	22382382	22383816	1434	1209	0.08	4	1.81	1.48	2184	OR4N4	1.39108280254777	0.426401869158879
chr15	31775329	31947543	172214	102469	0.04	9.56	1.63	1	167411	OTUD7A	1.11035426861379	0.337616822429907
chr15	40531292	40569689	38397	20332	0.04	5	1.36	1	27617	PAK6	0.854000197907132	0.128504672897196
chr15	69591294	69699977	108683	58153	0.04	7	1.41	1	82030.08	PAQR5	0.883261822538951	0.148364485981308
chr15	65550432	65579182	28750	27692	0.04	15	3.82	3	105870.64	PARP16	3.73959017702103	0.650700934579439
chr15	72533522	72564917	31395	31027	0.04	20.8	7.7	7.36	238929.72	PARP6	7.163235496927	0.927570093457944
chr15	44957930	44969087	11157	9982	0.08	9.16	3	2.56	29923	PATL2	2.284861257464	0.531542056074766
chr15	69884539	69988092	103553	60985	0.04	5.64	1.41	1	86263	PCAT29	0.873752874087129	0.142523364485981
chr15	101844133	102030188	186055	103766	0.04	5	1.36	1	140929.36	PCSK6	0.835285443338075	0.120327102803738
chr15	101874642	101877637	2995	2370	0.16	3.88	1.59	1.36	3761	PCSK6-AS1	0.88933554031686	0.15303738317757
chr15	29034980	29101721	66741	41722	0.04	7	1.6	1	66688	PDCD6IPP2	1.41134203627061	0.428738317757009
chr15	65409717	65426175	16458	15432	0.12	20.96	7.4	6.72	114194.8	PDCD7	9.53747010008953	0.988317757009346
chr15	85523744	85682377	158633	144453	0.04	18.44	4.29	3.88	619961.68	PDE8A	3.86521824246392	0.661214953271028
chr15	44038590	44064805	26215	25865	0.16	26.36	8.41	7.56	217414.8	PDIA3	8.1492859552457	0.967289719626168
chr15	77400498	77712447	311949	252251	0.04	12.88	2.43	2	612427	PEAK1	2.19737861848243	0.524532710280374
chr15	90224762	90234016	9254	7600	0.04	10	2.49	2	18900	PEX11A	2.32300884955752	0.54088785046729
chr15	34394274	34396592	2318	2050	0.08	13.28	4.51	3.52	9241	PGBD4	2.88514374203861	0.587616822429907
chr15	99511459	99551025	39566	25476	0.04	5.84	1.59	1.24	40401	PGPEP1L	1.16958573372319	0.367990654205608
chr15	40643234	40648635	5401	2711	0.12	4.2	1.57	1.68	4255	PHGR1	1.01452523557014	0.259345794392523
chr15	68346517	68483803	137286	133454	0.04	24	6.26	5.76	835512.88	PIAS1	6.11967332947579	0.856308411214953
chr15	65107829	65117868	10039	9014	0.12	17.56	6.62	6.28	59680	PIF1	6.01450414605732	0.849299065420561
chr15	55611133	55647847	36714	34814	0.04	17.56	4.83	4.24	168115.68	PIGB	5.51452076362921	0.803738317757009
chr15	55609382	55611393	2011	1692	0.2	5	2.37	2	4005	PIGBOS1	3.38260135135135	0.629672897196262
chr15	44168024	44170370	2346	2346	1.72	9	5.63	5.4	13202	PIN4P1	10.1920760893061	0.991822429906542
chr15	72491370	72523966	32596	31804	0.08	31.24	12.57	13.2	399791	PKM	10.6418528633564	0.995327102803738
chr15	42131011	42140347	9336	8686	0.24	9	3.17	3	27506.32	PLA2G4B	3.8075457907909	0.657710280373832
chr15	42359881	42386753	26872	14222	0.04	5	1.34	1	19040.44	PLA2G4D	0.965539553752535	0.213785046728972
chr15	42273780	42342902	69122	42119	0.04	6.48	1.61	1	67624.2	PLA2G4E	0.931526964666988	0.191588785046729
chr15	42264961	42291293	26332	16382	0.04	7	1.76	1.4	28868.44	PLA2G4E-AS1	1.19950305397432	0.378504672897196
chr15	42433332	42448840	15508	7200	0.04	6	1.37	1	9828	PLA2G4F	0.782795698924731	0.088785046728972
chr15	40580098	40600175	20077	18200	0.08	9	2.59	2	47061	PLCB2	2.48423237478278	0.561915887850467
chr15	65134082	65160202	26120	25453	0.28	20.56	7.65	7.4	194722	PLEKHO2	6.45737025368927	0.883177570093458
chr15	90207600	90222649	15049	8900	0.08	4.92	1.61	1.44	14364	PLIN1	1.08950242718447	0.327102803738318
chr15	74287014	74340156	53142	51300	0.16	24.2	7.32	6.76	375354	PML	7.83636401595023	0.954439252336449
chr15	89859536	89878027	18491	17738	0.12	19.96	10.66	10.84	189095.28	POLG	11.3312128475551	1
chr15	57998719	58009756	11037	10837	0.12	20.96	7.53	7.08	81600.28	POLR2M	7.53203689208548	0.942757009345794
chr15	22051853	22082804	30951	14875	0.04	4	1.19	1	17766	POTEB	0.978241477967266	0.227219626168224
chr15	22051853	22082804	30951	14875	0.04	4	1.19	1	17766	POTEB2	0.978241477967266	0.227219626168224
chr15	22051853	22083142	31289	15043	0.04	4	1.2	1	17993.2	POTEB3	0.982429702429703	0.232476635514019
chr15	75315896	75343068	27172	26419	0.08	23.24	5.93	5	156654.44	PPCDC	3.82777106643835	0.660046728971963
chr15	64448014	64455355	7341	6935	0.36	20.64	9.75	10.04	67625.4	PPIB	9.37288981288981	0.985981308411215
chr15	43825660	43882452	56792	52364	0.04	16.84	4.32	4	226246.24	PPIP5K1	4.70718708388815	0.73714953271028
chr15	41107643	41120908	13265	8756	0.04	5	1.52	1	13281.56	PPP1R14D	1.15471744044514	0.35981308411215
chr15	91509268	91537882	28614	27706	0.04	26.88	7.45	6.96	206315.8	PRC1	7.4872439907039	0.940420560747664
chr15	91509599	91531855	22256	22131	0.16	26.88	8.59	8.64	190009	PRC1-AS1	8.40889176056151	0.97196261682243
chr15	101087957	101099489	11532	5507	0.04	3.48	1.57	1.12	8653	PRKXP1	1.50880557977332	0.442757009345794
chr15	55903739	56035318	131579	82779	0.04	6	1.44	1	119285	PRTG	1.07447856465481	0.310747663551402
chr15	78832747	78841564	8817	8440	0.16	22.72	8.74	8.64	73768	PSMA4	8.09480961264128	0.964953271028037
chr15	77287021	77329817	42796	36896	0.04	13.2	2.94	2.56	108401.92	PSTPIP1	2.37244856867723	0.551401869158878
chr15	75759462	75871633	112171	101812	0.04	18.24	4.26	3.44	434060	PTPN9	4.68317419215623	0.73481308411215
chr15	25380789	25383201	2412	1552	0.04	3	1.21	1	1885	PWAR1	0.860337745321771	0.133177570093458
chr15	25230007	25233380	3373	3373	1	10.84	4.31	3.96	14522.12	PWAR5	7.02569908079342	0.919392523364486
chr15	25227141	25228938	1797	1797	0.4	14	5.57	5.16	10011.72	PWARSN	7.07542049469965	0.922897196261682
chr15	24803304	24832927	29623	18223	0.04	5	1.65	1.2	29989.8	PWRN1	1.25685428104438	0.393691588785047
chr15	24409926	24415054	5128	2605	0.12	3	1.24	1	3243	PWRN2	0.681336874128107	0.0537383177570093
chr15	24686274	24693115	6841	4266	0.04	7	1.55	1	6611.44	PWRN3	1.02407048283468	0.271028037383178
chr15	24220294	24333302	113008	62755	0.04	6	1.38	1	86598	PWRN4	1.15028425694703	0.356308411214953
chr15	55831085	55881051	49966	26350	0.04	8.36	1.45	1	38178	PYGO1	1.01259846696549	0.257009345794392
chr15	66161797	66184330	22533	21781	0.16	17	7.1	7	154566.8	RAB11A	6.46695954144178	0.884345794392523
chr15	55495164	55582014	86850	79660	0.04	12.2	3.28	3	261009.8	RAB27A	2.77451580670536	0.581775700934579
chr15	63481728	63559974	78246	75875	0.04	20.04	5.79	5.2	439488	RAB8B	4.86570724183148	0.752336448598131
chr15	40987327	41024357	37030	35833	0.16	22.4	5.63	5	201652.84	RAD51	5.82390873646209	0.830607476635514
chr15	40985953	40987304	1351	996	0.12	5	1.89	1.4	1879	RAD51-AS1	0.549897570968686	0.0327102803738318
chr15	79252289	79383216	130927	89185	0.04	13.84	1.93	1.4	172004	RASGRF1	1.30796547659785	0.410046728971963
chr15	38780299	38857008	76709	74725	0.04	23.4	5.84	5.36	436349	RASGRP1	4.9365973591774	0.755841121495327
chr15	65345675	65360451	14776	8649	0.04	4.52	1.4	1	12094	RASL12	0.681508763704559	0.0549065420560748
chr15	65032095	65067771	35676	21275	0.04	4.84	1.39	1	29673	RBPMS2	0.90109322805952	0.16588785046729
chr15	91498106	91506356	8250	7500	0.08	16.72	5.06	4.24	37954.24	RCCD1	4.01039733895748	0.669392523364486
chr15	77223962	77242602	18640	17728	0.08	13.88	4.56	3.96	80917	RCN2	4.34057504559597	0.695093457943925
chr15	73735499	73852354	116855	64105	0.04	14.92	2.02	1	129287	REC114	1.45593468468468	0.433411214953271
chr15	22546565	22570832	24267	13084	0.04	5.84	1.5	1	19675	REREP3	1.0758562010875	0.311915887850467
chr15	56382731	56535484	152753	143118	0.04	23.48	4.93	4	705762.16	RFX7	5.18318495811662	0.775700934579439
chr15	93586636	93632444	45808	26725	0.04	5.68	1.36	1	36477	RGMA	0.990227217200098	0.245327102803738
chr15	90014640	90039845	25205	12759	0.04	5	1.43	1	18208	RHCG	0.787372972972973	0.0922897196261682
chr15	41164412	41166488	2076	1851	0.12	6	2.87	3	5312.08	RHOV	1.65073958980733	0.470794392523364
chr15	89753098	89764923	11825	6525	0.04	5	1.43	1	9344.08	RLBP1	0.801104252400549	0.0992990654205607
chr15	41028082	41047535	19453	18292	0.08	17.28	7.35	7.08	134458.12	RMDN3	6.66789585916191	0.893691588785047
chr15	59279865	59389619	109754	108495	0.04	24.4	6.48	6	703328.6	RNF111	6.14835348316768	0.858644859813084
chr15	60780483	61521503	741020	527345	0.04	20.2	2.33	1.8	1230024.16	RORA	1.58352772148998	0.455607476635514
chr15	60771377	60922839	151462	135087	0.04	20.2	4.5	3.84	608540	RORA-AS1	3.53420713401785	0.64018691588785
chr15	60973768	60979449	5681	4631	0.04	5.84	2.1	2	9748	RORA-AS2	2.29123183091706	0.532710280373832
chr15	41809375	41836476	27101	25324	0.04	16.36	4.88	4.16	123475.88	RPAP1	5.80107493540052	0.828271028037383
chr15	66791653	66797194	5541	5541	1	24.76	11.11	11.04	61585	RPL4	9.85991034261928	0.989485981308411
chr15	69745159	69747885	2726	2486	0.32	18.64	8.46	8.6	21020.64	RPLP1	5.51028625353885	0.802570093457944
chr15	75247443	75249776	2333	1258	0.16	4	1.67	1.08	2096	RPP25	0.871517671517672	0.141355140186916
chr15	82821158	82824953	3795	3391	0.12	14.52	6.25	7.08	21180.32	RPS17	7.78173267690499	0.953271028037383
chr15	63445539	63449742	4203	3728	0.04	12.12	5.04	4.32	18774.24	RPS27L	4.5012659199018	0.712616822429907
chr15	40861492	40866894	5402	4902	0.08	17.04	6.23	5.12	30517	RPUSD2	4.12391891891892	0.679906542056075
chr15	55473512	55489232	15720	15387	0.08	21.72	6.68	6.28	102728.64	RSL24D1	5.77122003397722	0.827102803738318
chr15	41709302	41775762	66460	62663	0.04	23.44	5.53	4.72	346249.56	RTF1	6.91041850944728	0.905373831775701
chr15	33603163	34158305	555142	324931	0.04	12.6	1.53	1	495665.44	RYR3	1.02067529472329	0.267523364485981
chr15	70927588	70929654	2066	1855	0.08	3.84	1.52	1	2823	SALRNA2	1.27658997178207	0.40303738317757
chr15	70907886	70908907	1021	0	0	0	0	0	0	SALRNA3	0	0.0058411214953271
chr15	82555152	82577268	22116	15400	0.04	6	1.79	1.64	27594	SAXO2	1.50663390663391	0.441588785046729
chr15	75136071	75165721	29650	28475	0.04	20	6.23	5	177502.76	SCAMP2	5.91833688983729	0.839953271028037
chr15	75287876	75313837	25961	20638	0.08	7.88	2.1	2	43273	SCAMP5	1.67848415499787	0.476635514018692
chr15	85174691	85185695	11004	10129	0.04	15.84	4.6	4	46570.8	SCAND2P	3.28380562348223	0.622663551401869
chr15	76640527	77176218	535691	430191	0.04	22.52	2.64	2	1137468	SCAPER	2.46234508437152	0.558411214953271
chr15	51973550	52013224	39674	30850	0.04	11	2.1	1.56	64811	SCG3	1.66914764298665	0.475467289719626
chr15	32933814	32989300	55486	48536	0.04	18.96	3.67	3	177998.4	SCG5	3.37815566225731	0.628504672897196
chr15	85212768	85259692	46924	44906	0.04	21	5.5	5	246857.8	SEC11A	6.22808318851637	0.865654205607477
chr15	49280835	49338761	57926	53714	0.04	18	5.11	4.56	274547.24	SECISBP2L	5.41481253574739	0.796728971962617
chr15	90728152	90772893	44741	41219	0.04	22.32	4.28	3.68	176477.08	SEMA4B	4.61140243513671	0.725467289719626
chr15	47476403	48066421	590018	351497	0.04	7.24	1.51	1	529893	SEMA6D	1.05957044098949	0.302570093457944
chr15	74701625	74726301	24676	24374	0.12	23.8	9.78	9.76	238290	SEMA7A	7.62625616078858	0.948598130841122
chr15	72406599	72433312	26713	20688	0.04	10.44	2.29	2	47351	SENP8	1.88355537734753	0.494158878504673
chr15	44069294	44088288	18994	13939	0.04	23.04	3.93	2	54758.36	SERF2	3.94857469202214	0.66588785046729
chr15	44084174	44094770	10596	10146	0.12	23.04	8.44	8.48	85671.4	SERF2-C15ORF63	6.50306664642478	0.886682242990654
chr15	44086372	44092296	5924	5924	1	23.04	9.56	9.24	56617.2	SERINC4	7.90385356347128	0.957943925233645
chr15	78384927	78396394	11467	8642	0.04	4	1.52	1	13155	SH2D7	0.971493981242153	0.219626168224299
chr15	84115980	84287494	171514	96245	0.04	6.6	1.44	1	138317.4	SH3GL3	1.0132920155601	0.258177570093458
chr15	49115934	49255642	139708	89015	0.04	9.84	1.6	1	142362.4	SHC4	1.10882779032635	0.336448598130841
chr15	45459412	45493374	33962	23987	0.04	6.88	1.66	1	39787	SHF	1.28781356206506	0.406542056074766
chr15	75661720	75748125	86405	83080	0.04	27.16	7.36	6.64	611350	SIN3A	6.93867498376984	0.910046728971963
chr15	68112042	68126175	14133	6501	0.04	5	1.34	1	8729	SKOR1	0.725964737192282	0.0630841121495327
chr15	48498498	48596276	97778	59278	0.04	6.36	1.57	1	92969.96	SLC12A1	1.06341755118979	0.304906542056075
chr15	34522197	34630266	108069	105094	0.04	28.88	6.34	5.64	666376.68	SLC12A6	6.17552944229237	0.86214953271028
chr15	65903743	65953257	49514	43739	0.04	21.2	4.45	3.24	194728.32	SLC24A1	3.69341139643375	0.647196261682243
chr15	48413169	48434590	21421	15546	0.04	9.56	2.27	2	35250.6	SLC24A5	1.46834673220311	0.438084112149533
chr15	50474393	50528590	54197	32331	0.04	5	1.41	1	45663	SLC27A2	0.988438240305889	0.244158878504673
chr15	85427892	85518877	90985	53985	0.04	7	1.44	1	77859	SLC28A1	0.987624222042493	0.241822429906542
chr15	45544428	45568133	23705	15496	0.04	5.32	1.77	1.64	27375.04	SLC28A2	1.26163886072449	0.394859813084112
chr15	45771811	45815003	43192	28563	0.04	5.88	1.58	1	45194	SLC30A4	1.33343168205824	0.418224299065421
chr15	65337708	65345735	8027	5602	0.04	4	1.43	1	8037.96	SLC51B	1.02747794963569	0.273364485981308
chr15	92396938	92715666	318728	186950	0.04	9	1.45	1	270270	SLCO3A1	0.975897741428804	0.223130841121495
chr15	59171244	59225876	54632	53805	0.04	29.48	8.18	7.44	440214.2	SLTM	8.76623852480236	0.980140186915888
chr15	67358195	67487534	129339	126310	0.04	20.12	6.07	5.56	766783	SMAD3	4.57799152825916	0.718457943925234
chr15	66994674	67074338	79664	44864	0.04	5	1.36	1	60889	SMAD6	0.793083686095734	0.0946261682242991
chr15	42787504	42825260	37756	37036	0.2	23.32	5.38	4.92	199167	SNAP23	5.56574932093314	0.811915887850467
chr15	66782666	66790147	7481	7481	0.84	19.2	9.09	8.84	68009.24	SNAPC5	8.10962242912199	0.966121495327103
chr15	83419316	83425959	6643	6293	0.44	20.48	7.85	7.12	49394.48	SNHG21	9.32287946849874	0.98481308411215
chr15	25232072	25232141	69	69	1	5	2.49	1.96	172	SNORD108	2	0.514018691588785
chr15	25287121	25287188	67	67	1.36	3	2.76	3	185.08	SNORD109A	2.76238805970149	0.57768691588785
chr15	25287121	25287188	67	67	1.36	3	2.76	3	185.08	SNORD109B	2.76238805970149	0.57768691588785
chr15	25440068	25440149	81	81	0.08	1	0.93	1	75.48	SNORD115-14	0.733955659276546	0.0654205607476635
chr15	25451409	25477616	26207	14115	0.04	4	1.3	1	18308	SNORD115-15	0.97982338774418	0.230724299065421
chr15	25451409	25477616	26207	14115	0.04	4	1.3	1	18308	SNORD115-21	0.97982338774418	0.230724299065421
chr15	25458806	25458877	71	68	0.88	1	0.96	1	65	SNORD115-24	0.792682926829268	0.0934579439252336
chr15	25463764	25463846	82	82	1.12	2	1.59	1.6	130.64	SNORD115-26	1.59317073170732	0.456775700934579
chr15	25470350	25470432	82	24	0.2	0.2	0.2	0.2	4.8	SNORD115-30	0.0292682926829268	0.0116822429906542
chr15	25472256	25472338	82	82	0.76	1	0.96	1	78.64	SNORD115-31	0.959024390243902	0.206775700934579
chr15	25474114	25474196	82	0	0	0	0	0	0	SNORD115-32	0	0.0058411214953271
chr15	25483133	25483215	82	82	0.28	2.24	1.37	1.44	112.32	SNORD115-37	0.684878048780488	0.0572429906542056
chr15	25484985	25485067	82	64	0.96	1	0.98	1	63	SNORD115-38	0.768292682926829	0.0841121495327103
chr15	25486893	25486975	82	76	0.44	1	0.82	1	62	SNORD115-39	0.391414141414141	0.0186915887850467
chr15	25421979	25422061	82	0	0	0	0	0	0	SNORD115-4	0	0.0058411214953271
chr15	25490625	25490707	82	0	0	0	0	0	0	SNORD115-41	0	0.0058411214953271
chr15	25492492	25492574	82	82	1	1	1	1	82	SNORD115-42	1	0.248831775700935
chr15	25509674	25509727	53	53	0.28	2	1.68	1.52	88.84	SNORD115-45	0.849655700076511	0.127336448598131
chr15	25511738	25511809	71	61	0.08	1.96	0.8	1	48.56	SNORD115-46	0.747076923076923	0.0712616822429906
chr15	25513664	25513697	33	33	1.52	2	1.67	1.52	54.96	SNORD115-47	1.66545454545455	0.473130841121495
chr15	25427532	25427614	82	67	0.08	1	0.66	1	44	SNORD115-7	0.312944523470839	0.0163551401869159
chr15	25319260	25319364	104	104	6.68	9.56	8.41	8.92	874.72	SNORD116-10	8.41076923076923	0.973130841121495
chr15	25321075	25321169	94	94	8.28	9.92	9.04	9.16	849.32	SNORD116-11	4.78867839422643	0.745327102803738
chr15	25322197	25322291	94	94	2.84	4.24	3.52	3.8	330.76	SNORD116-12	1.45427365459022	0.432242990654206
chr15	25324204	25324298	94	94	2	5.48	3.63	3.76	341.12	SNORD116-13	3.62893617021277	0.642523364485981
chr15	25325288	25325382	94	94	3.4	6.44	4.79	5	449.92	SNORD116-14	4.7863829787234	0.744158878504673
chr15	25326433	25326527	94	94	5.04	7	6.66	7	625.64	SNORD116-15	6.65574468085106	0.892523364485981
chr15	25327914	25328008	94	94	7.64	9.28	8.27	8.12	776.92	SNORD116-16	11.0735461801596	0.998831775700935
chr15	25328734	25328828	94	94	6.4	8	6.82	6.52	640.8	SNORD116-17	3.25279187817259	0.620911214953271
chr15	25330531	25330625	94	94	4.88	5.96	5.19	5	488.32	SNORD116-18	2.4416	0.557242990654206
chr15	25328734	25328828	94	94	6.4	8	6.82	6.52	640.8	SNORD116-19	3.25279187817259	0.620911214953271
chr15	25310172	25310270	98	98	6.24	10	8.2	7.48	803.48	SNORD116-2	4.72635294117647	0.741238317757009
chr15	25333950	25334044	94	94	2.92	7	4.28	3	402.08	SNORD116-21	1.53465648854962	0.447429906542056
chr15	25335069	25335163	94	94	3	6	4.87	5.8	458	SNORD116-22	4.51142631993696	0.713785046728972
chr15	25344645	25344743	98	98	5	7.28	6.59	7	646	SNORD116-26	6.05776444111028	0.851635514018692
chr15	25346721	25346815	94	94	3.56	5.24	4.49	4.36	421.68	SNORD116-27	1.81758620689655	0.489485981308411
chr15	25351667	25351752	85	85	5.2	11	8.9	10	756.4	SNORD116-29	4.84499103253907	0.75
chr15	25353415	25353500	85	85	4.32	6.4	5.58	6.08	474.16	SNORD116-30	3.52797619047619	0.63785046728972
chr15	25307479	25307576	97	97	5.24	6.24	5.89	6.2	571.28	SNORD116-5	2.04145225843339	0.516939252336449
chr15	25310172	25310270	98	98	6.24	10	8.2	7.48	803.48	SNORD116-6	4.72635294117647	0.741238317757009
chr15	25307479	25307576	97	97	5.24	6.24	5.89	6.2	571.28	SNORD116-7	2.04145225843339	0.516939252336449
chr15	25315578	25315675	97	97	4.44	9.16	7.21	6.72	699.8	SNORD116-8	2.34203480589023	0.545560747663551
chr15	66795149	66795249	100	100	13.04	15.4	14.13	14.04	1413	SNORD16	3.09515464820818	0.608644859813084
chr15	66794360	66794430	70	70	13.52	14.88	14.38	14.64	1006.44	SNORD18B	10.9395652173913	0.997663551401869
chr15	66793590	66793657	67	67	2.68	7.04	4.68	3.28	313.44	SNORD18C	4.67820895522388	0.733644859813084
chr15	101821715	101835488	13773	13323	0.12	24.44	8.98	8.16	119683.28	SNRPA1	8.08998783290523	0.963785046728972
chr15	25068784	25223871	155087	99212	0.04	17.8	2.12	1.24	210029.6	SNRPN	1.91127127127127	0.498831775700935
chr15	75890424	75918720	28296	26571	0.08	19.72	5.97	5.4	158538	SNUPN	7.01936615041309	0.918224299065421
chr15	25200040	25223871	23831	22447	0.04	17.8	4.39	4	98574.6	SNURF	4.91815596467595	0.753504672897196
chr15	64388083	64436434	48351	46735	0.04	25.48	7.21	6.84	336999	SNX1	7.25589128446451	0.928738317757009
chr15	64443916	64449681	5765	4982	0.24	18.6	7.08	7	35266.2	SNX22	7.94283783783784	0.95911214953271
chr15	75941348	75950969	9621	6026	0.04	6	1.79	1.2	10778	SNX33	1.07672327672328	0.313084112149533
chr15	45315302	45367288	51986	47961	0.04	19.88	5.15	4.92	246866.32	SORD	5.04483795053136	0.767523364485981
chr15	100884662	100890924	6262	3950	0.04	5	1.44	1	5670	SPATA41	0.748811410459588	0.0724299065420561
chr15	45694519	45713617	19098	18098	0.16	20.36	7.09	7	128370	SPATA5L1	6.69360725831682	0.896028037383178
chr15	97326637	97328846	2209	897	0.12	2	1.08	1	970	SPATA8	0.785883267978092	0.0911214953271028
chr15	97315235	97326568	11333	5600	0.12	4.24	1.55	1	8694	SPATA8-AS1	0.846955674622504	0.126168224299065
chr15	69222839	69239151	16312	8835	0.04	4	1.39	1	12295.8	SPESP1	0.898159240321402	0.163551401869159
chr15	44854894	44955877	100983	99880	0.04	30.08	7.5	6.96	749376	SPG11	7.86760994218896	0.955607476635514
chr15	65255362	65282285	26923	26187	0.16	18.52	5.8	5.24	151771.52	SPG21	7.30724699085219	0.932242990654206
chr15	41136246	41149854	13608	12130	0.04	9.44	2.57	2	31196	SPINT1	2.29416090601559	0.533878504672897
chr15	50999737	51057911	58174	55624	0.04	22.24	5.09	4.68	283056.68	SPPL2A	5.99487043506843	0.84696261682243
chr15	38545052	38649451	104399	87122	0.04	10.52	2.26	2	197094	SPRED1	1.96085649157771	0.507009345794392
chr15	42140344	42186276	45932	22107	0.04	11.24	1.53	1	33905	SPTBN5	1.07824280609629	0.315420560747664
chr15	45923346	45983493	60147	55747	0.04	15.16	4.33	3.88	241320.24	SQRDL	4.52537673930165	0.714953271028037
chr15	40327891	40331404	3513	3463	0.16	18.92	7.92	8.04	27426.2	SRP14	7.68671524663677	0.950934579439252
chr15	40331512	40359711	28199	27299	0.04	13	3.67	3.28	100263	SRP14-AS1	2.49268327610228	0.563084112149533
chr15	80191182	80216097	24915	23940	0.04	14.56	4.25	4	101698.84	ST20	4.06645714377109	0.672897196261682
chr15	80215113	80217197	2084	1209	0.04	5	1.74	1	2108.92	ST20-AS1	0.605837403045102	0.0408878504672897
chr15	80135889	80215449	79560	77085	0.04	16.36	4.84	4.48	373273.8	ST20-MTHFS	4.43565648283484	0.705607476635514
chr15	92937140	93011959	74819	42575	0.04	4	1.35	1	57456	ST8SIA2	0.860725360657948	0.134345794392523
chr15	81605007	81616525	11518	11392	0.28	19.76	6.37	5.4	72597.24	STARD5	5.61116401298501	0.815420560747664
chr15	42867857	43013197	145340	136698	0.04	18.92	4.03	3.52	551307.88	STARD9	3.80855740843289	0.658878504672897
chr15	74275559	74286964	11405	10190	0.04	10.72	3.52	3	35849	STOML1	2.55776354617944	0.567757009345794
chr15	74471808	74502047	30239	22823	0.04	6.04	1.67	1.12	38132.36	STRA6	1.21879246971586	0.386682242990654
chr15	43891761	43910999	19238	12500	0.04	5.64	1.5	1	18782	STRC	1.05981744641664	0.303738317757009
chr15	91642818	91844540	201722	130272	0.04	6.12	1.49	1	194638.8	SV2B	1.01648763129974	0.261682242990654
chr15	99645286	99675801	30515	23252	0.04	7.76	1.93	2	44801.76	SYNM	1.26658682959761	0.398364485981308
chr15	102193955	102264646	70691	68044	0.04	19.68	4.93	4.36	335608.12	TARSL2	5.23447118459019	0.779205607476635
chr15	74165927	74181557	15630	6872	0.04	4	1.29	1	8849	TBC1D21	0.752914149578831	0.0735981308411215
chr15	78287327	78369995	82668	80547	0.08	20.32	6.13	5.68	493663	TBC1D2B	4.98316277398346	0.758177570093458
chr15	57210833	57583460	372627	352786	0.04	21.76	3.94	3.36	1389185	TCF12	3.69196035856944	0.646028037383178
chr15	45248900	45271422	22522	11722	0.04	4.24	1.47	1	17276	TERB2	0.845208787509932	0.125
chr15	56657622	56738196	80574	72797	0.04	19	4.1	3.48	298561.12	TEX9	4.5911290173766	0.720794392523365
chr15	43524793	43559056	34263	25238	0.04	8.04	1.97	1.88	49629.68	TGM5	1.63862464259065	0.468457943925234
chr15	43568479	43594454	25975	13950	0.04	5.8	1.47	1	20522	TGM7	1.08754636989931	0.324766355140187
chr15	71173681	71184773	11092	9117	0.04	5.52	1.73	1.24	15761.56	THAP10	1.46497059195313	0.436915887850467
chr15	39873280	39891122	17842	10973	0.04	5	1.39	1	15248	THBS1	0.821817397865689	0.10981308411215
chr15	71433788	72075723	641935	378499	0.04	8.32	1.49	1	565309.76	THSD4	0.984025604485562	0.23481308411215
chr15	71459151	71481399	22248	10848	0.04	4.32	1.37	1	14902	THSD4-AS1	1.06442857142857	0.30607476635514
chr15	71981040	71983879	2839	1775	0.2	4	1.49	1	2646	THSD4-AS2	0.745562130177515	0.0700934579439252
chr15	90118818	90171254	52436	51911	0.12	21.28	7.37	7	382807.84	TICRR	8.0172539163944	0.961448598130841
chr15	66629008	66649055	20047	18991	0.04	15.08	5.18	4.64	98455	TIPIN	5.05135756356845	0.768691588785047
chr15	29991571	30261003	269432	153228	0.04	7	1.41	1	215722	TJP1	1.00522833178006	0.252336448598131
chr15	70340130	70390257	50127	48744	0.12	22.12	8.77	8.56	427665.48	TLE3	8.04738650519161	0.962616822429907
chr15	62939510	63136830	197320	135064	0.04	7	1.61	1	217884	TLN2	1.14363396826563	0.352803738317757
chr15	102173180	102192595	19415	18069	0.16	20.96	6.42	5.88	116042.36	TM2D3	5.4544	0.797897196261682
chr15	83776324	83806112	29788	27488	0.04	14	3.66	3	100736.72	TM6SF1	3.00848160209101	0.598130841121495
chr15	81624760	81666419	41659	29284	0.04	8.44	1.84	1.44	53911	TMC3	1.47956747262398	0.440420560747664
chr15	81616674	81735418	118744	76475	0.04	8.44	1.63	1	124362	TMC3-AS1	1.12209690517008	0.343457943925234
chr15	38226808	38243624	16816	10016	0.04	5	1.48	1	14776	TMCO5A	1.01816097086362	0.266355140186916
chr15	33528677	33539757	11080	6705	0.04	4	1.39	1	9290	TMCO5B	1.07672693555865	0.314252336448598
chr15	79603404	79677062	73658	66188	0.04	22.68	4.05	3	267963.04	TMED3	3.38465378299861	0.630841121495327
chr15	72690668	72700709	10041	6706	0.08	5	1.66	1.08	11113	TMEM202	1.08313840155945	0.320093457943925
chr15	76352299	76497305	145006	93481	0.04	10	1.69	1	157538.92	TMEM266	1.16210853994084	0.363317757009346
chr15	43425722	43477342	51620	48793	0.08	19.6	5.66	5.04	276268	TMEM62	5.89307365254184	0.836448598130841
chr15	42502650	42565783	63133	58325	0.04	22.04	6.26	5.96	364959	TMEM87A	6.21608870418313	0.864485981308411
chr15	52043758	52108559	64801	52710	0.04	12	2.76	2.2	145683.4	TMOD2	2.29997562411116	0.535046728971963
chr15	52121825	52204332	82507	79308	0.04	19.56	5.72	5.08	453467.56	TMOD3	5.37061887220068	0.792056074766355
chr15	51348799	51397474	48675	31300	0.04	8.12	1.69	1.24	52935	TNFAIP8L3	1.05944330542308	0.301401869158879
chr15	43699412	43802708	103296	93887	0.04	22.08	5.36	4.84	503276.36	TP53BP1	5.36016231414817	0.79088785046729
chr15	63334838	63364114	29276	20275	0.04	8.6	2.01	1.92	40824	TPM1	1.28296668761785	0.405373831775701
chr15	45028560	45060028	31468	24818	0.04	13	3	2.64	74485.16	TRIM69	2.41732904942719	0.554906542056075
chr15	64680003	64747503	67500	64479	0.04	19.64	5.01	4.12	323191	TRIP4	5.37215510535169	0.793224299065421
chr15	31293264	31453477	160213	104135	0.04	7	1.51	1	156855	TRPM1	0.964450094664969	0.212616822429907
chr15	50849356	50979013	129657	127743	0.12	22.76	6.69	6.16	854318.68	TRPM7	7.27051511873241	0.929906542056075
chr15	77336360	77363571	27211	25939	0.04	21.8	5.09	4.28	132009.32	TSPAN3	3.66566293832124	0.644859813084112
chr15	43036542	43213008	176466	153757	0.04	14.12	2.93	2.52	449769.72	TTBK2	2.90883393048855	0.589953271028037
chr15	99676528	99791432	114904	105521	0.04	16.72	3.44	3	362663	TTC23	3.01274870796633	0.599299065420561
chr15	90792764	90802321	9557	6097	0.04	4	1.32	1	8045	TTLL13P	0.923015144561726	0.182242990654206
chr15	43663257	43699297	36040	35315	0.04	18.92	6.99	6.56	247022.68	TUBGCP4	6.1922861726662	0.863317757009346
chr15	22833395	22873892	40497	39597	0.04	21.12	6.53	6	258596.08	TUBGCP5	7.654848143982	0.949766355140187
chr15	41851220	41871537	20317	8954	0.04	4.36	1.32	1	11848	TYRO3	0.598534983581713	0.0397196261682243
chr15	76551630	76552494	864	864	5.56	10.84	8.08	8	6980.52	TYRO3P	4.72116112974786	0.739485981308411
chr15	70946893	71055851	108958	63477	0.04	6.68	1.64	1	103956.56	UACA	1.03822628808837	0.286214953271028
chr15	65385342	65398698	13356	13006	0.08	13.2	4.84	4.68	62939.32	UBAP1L	5.17507975661898	0.773364485981308
chr15	76135627	76193389	57762	55040	0.08	19.64	5.09	4.68	280330.2	UBE2Q2	4.4175066326373	0.702102803738318
chr15	84841242	84850986	9744	5632	0.04	3	1.19	1	6691.96	UBE2Q2L	0.911462816671207	0.171728971962617
chr15	85070427	85114027	43600	30328	0.04	5.92	1.87	1.8	56575	UBE2Q2P1	1.60692475928082	0.462616822429907
chr15	83023841	83084342	60501	39851	0.04	8	1.82	1.48	72687	UBE2Q2P2	1.97933822183881	0.511682242990654
chr15	25582396	25684176	101780	99680	0.04	23.16	5.88	5.16	586275.28	UBE3A	6.32570318285948	0.870327102803738
chr15	74738318	74753530	15212	14706	0.04	20.68	8.13	8.32	119560.6	UBL7	7.35714074737739	0.936915887850467
chr15	74753606	74773634	20028	19285	0.04	15.68	4.18	3.28	80626	UBL7-AS1	4.18439009605424	0.684579439252336
chr15	43235098	43398287	163189	156064	0.04	20.64	5.41	5	844781.08	UBR1	5.82635607888489	0.831775700934579
chr15	75128457	75135553	7096	6617	0.16	10	3.46	3	22909.56	ULK3	4.12784864864865	0.68107476635514
chr15	32698812	32727251	28439	18225	0.04	5.32	1.59	1.04	28917	ULK4P1	1.97574473899973	0.509929906542056
chr15	32698812	32727251	28439	18225	0.04	5.32	1.59	1.04	28917	ULK4P2	1.97574473899973	0.509929906542056
chr15	32698801	32727066	28265	18225	0.04	5.32	1.59	1.04	28917	ULK4P3	1.98292532400741	0.51285046728972
chr15	54305101	54920807	615706	370106	0.04	7.08	1.54	1	569901.92	UNC13C	1.24214723224636	0.39018691588785
chr15	91473410	91497324	23914	21850	0.04	21.2	6.55	6	143157	UNC45A	6.77027862957155	0.901869158878505
chr15	63796710	63886840	90130	88041	0.04	22.96	6.42	5.52	564877.36	USP3	5.67231370186273	0.820093457943925
chr15	63879909	63893027	13118	12665	0.04	20.56	7.07	6.32	89522.6	USP3-AS1	5.00377843608518	0.761682242990654
chr15	50792759	50838903	46144	31919	0.04	19.44	2.38	1.64	76014.4	USP50	1.9723610397563	0.508177570093458
chr15	50716574	50793281	76707	75582	0.04	24.28	6.43	5.88	486088	USP8	6.42421198704817	0.880841121495327
chr15	101811114	101817726	6612	6137	0.12	24.12	10.28	11.12	63119	VIMP	6.98481729854149	0.914719626168224
chr15	62144590	62352665	208075	193109	0.04	23	5.53	5	1067068.32	VPS13C	5.59096030515153	0.813084112149533
chr15	41186628	41196174	9546	9250	0.12	16	5.72	5.5	52931	VPS18	6.16563616794256	0.860981308411215
chr15	91541646	91565852	24206	23656	0.12	18.24	6.34	6	149869.76	VPS33B	6.65171363898629	0.89018691588785
chr15	42450899	42500525	49626	48051	0.12	21.92	7.56	7.2	363164	VPS39	7.61382028596587	0.946261682242991
chr15	65871096	65903628	32532	31582	0.16	19.6	7.11	6.6	224538	VWA9	6.4162660393792	0.878504672897196
chr15	102501016	102516809	15793	15218	0.12	20.72	6.15	5.96	93581.08	WASH3P	4.34432384754654	0.696261682242991
chr15	78575578	78592069	16491	16221	0.04	15.8	6.36	6.32	103202.64	WDR61	5.02569466764061	0.76518691588785
chr15	53805938	54055076	249138	135663	0.04	6.4	1.45	1	196744	WDR72	1.02891509557305	0.275700934579439
chr15	85184726	85197575	12849	12548	0.16	21.68	7.15	6.56	89772	WDR73	7.14517669531996	0.926401869158878
chr15	44119112	44160618	41506	40556	0.04	22.64	5.75	5	233081.6	WDR76	6.81027319211103	0.904205607476635
chr15	90234028	90286870	52842	33050	0.04	5	1.45	1	47817	WDR93	1.09085458831001	0.329439252336449
chr15	83478380	83503614	25234	23590	0.12	25.28	7.66	7	180806	WHAMM	6.76880940294194	0.900700934579439
chr15	32812049	32825943	13894	13144	0.04	9.24	3.48	3	45740	WHAMMP1	4.63002328170867	0.727803738317757
chr15	28982729	29003509	20780	17880	0.04	9	2.57	2	45952.6	WHAMMP2	2.28349062604354	0.530373831775701
chr15	23187729	23208358	20629	18270	0.08	10.08	2.71	2.12	49505.4	WHAMMP3	3.14819713831479	0.60981308411215
chr15	80351910	80430736	78826	77012	0.04	20.52	5.8	5.04	446800.76	ZFAND6	5.02554113333183	0.764018691588785
chr15	41099274	41106768	7494	6619	0.2	13.72	4.93	4.52	32626.48	ZFYVE19	4.63060188707095	0.728971962616822
chr15	42704635	42783396	78761	76889	0.04	21.4	5.85	5.04	450035.96	ZNF106	6.04058897747711	0.850467289719626
chr15	56922374	57026285	103911	94436	0.04	19.8	3.66	3	345548	ZNF280D	3.53808726137867	0.641355140186916
chr15	85291818	85349664	57846	55546	0.08	19	6.24	5.8	346698.6	ZNF592	6.94091291291291	0.912383177570093
chr15	64791619	64978267	186648	175548	0.04	19.36	4.42	3.88	776209.2	ZNF609	4.33241908206494	0.69392523364486
chr15	90544723	90625433	80710	76859	0.04	18.52	4.94	4.4	379906	ZNF710	4.53895506517402	0.716121495327103
chr15	35270542	35280498	9956	9832	0.04	19	6.63	5.8	65170.52	ZNF770	6.40496511056511	0.875
chr15	90895477	90904716	9239	7767	0.04	7.8	2.25	2	17472.08	ZNF774	2.3104004570002	0.537383177570093
chr15	85144249	85166948	22699	21124	0.04	17.28	4.16	3.52	87826.64	ZSCAN2	4.35539995040912	0.697429906542056
chr15	43650370	43662259	11889	11489	0.4	32.76	8.83	7.68	101416.8	ZSCAN29	7.32092687504512	0.933411214953271
chr15	66797421	66841823	44402	42099	0.04	19.48	4.8	4.32	201921	ZWILCH	5.29254036485636	0.782710280373832
